1 742143 5402612 1
1 742143 42858599 1
1 742143 48654466 1
1 742143 108556027 1
1 742143 211337962 1
1 742143 830035634 1
1 742143 948708523 1
1 742143 957832087 1
1 742143 1242171468 1
1 742143 1862771521 1
1 742143 2376768615 1
1 742143 2543427014 1
1 755113 29417304 1
1 759251 14577821 1
1 759251 17679507 1
1 759251 18220818 1
1 759251 42858599 1
1 759251 89265769 1
1 759251 97627107 1
1 759251 138901623 1
1 759251 180317088 1
1 759251 204195016 1
1 759251 228134082 1
1 759251 473472787 1
1 759251 787774580 1
1 759251 830035634 1
1 759251 834672494 1
1 759251 855556087 1
1 759251 1113983916 1
1 759251 1375526088 1
1 759251 1491535328 1
1 759251 1958816220 1
1 759251 2787938268 1
1 759251 2904610481 1
1 807095 121812371 1
1 807095 196220287 1
1 807095 275942684 1
1 807095 948708523 1
1 807095 1643704652 1
1 807095 1664059166 1
1 807095 1692174140 1
1 807095 1979568403 1
1 807095 2165707725 1
1 807095 2365305244 1
1 807095 2463065714 1
1 807095 2737674672 1
1 807095 2795517045 1
1 972651 18220818 1
1 972651 35860455 1
1 972651 39930604 1
1 972651 57994917 1
1 972651 108556027 1
1 972651 120818659 1
1 972651 204195016 1
1 972651 241776425 1
1 972651 260848405 1
1 972651 280082481 1
1 972651 372875229 1
1 972651 465158270 1
1 972651 1491535328 1
1 972651 2300551194 1
1 1652541 204195016 1
1 1652541 275942684 1
1 1652541 324489515 1
1 1652541 517212934 1
1 1652541 1057356487 1
1 1652541 1476028855 1
1 1652541 1692174140 1
1 1652541 2799276557 1
1 2097571 30437065 1
1 2097571 97627107 1
1 2097571 242849343 1
1 2097571 705564782 1
1 2097571 1375526088 1
1 2097571 1598812760 1
1 2097571 1669934971 1
1 2467791 5539902 1
1 2467791 20435808 1
1 2467791 120818659 1
1 2467791 144402222 1
1 2467791 180317088 1
1 2467791 196220287 1
1 2467791 239025975 1
1 2467791 241776425 1
1 2467791 242849343 1
1 2467791 247104369 1
1 2467791 275942684 1
1 2467791 460577661 1
1 2467791 500154514 1
1 2467791 513051520 1
1 2467791 517212934 1
1 2467791 598925796 1
1 2467791 621419621 1
1 2467791 855556087 1
1 2467791 1476028855 1
1 2467791 1631841212 1
1 2467791 1710120552 1
1 2467791 2156561740 1
1 2467791 2365305244 1
1 2836421 18008403 1
1 2836421 30437065 1
1 2836421 35860455 1
1 2836421 196220287 1
1 2836421 242849343 1
1 2836421 780269431 1
1 2836421 1486117886 1
1 2836421 2723735572 1
1 2836421 2788225609 1
1 2836421 2795517045 1
1 2883841 30437065 1
1 2883841 103245828 1
1 2883841 324489515 1
1 2883841 473472787 1
1 2883841 764103254 1
1 2883841 834672494 1
1 3108351 21457771 1
1 3108351 26067145 1
1 3108351 103245828 1
1 3108351 113410319 1
1 3108351 239025975 1
1 3108351 243844542 1
1 3108351 252629056 1
1 3108351 354694798 1
1 3108351 460577661 1
1 3108351 621419621 1
1 3108351 705564782 1
1 3108351 1317689665 1
1 3108351 1486117886 1
1 3108351 1491535328 1
1 3108351 1598812760 1
1 3108351 1669934971 1
1 3108351 1692174140 1
1 3108351 2462213766 1
1 3108351 2737674672 1
1 5402612 46822887 1
1 5402612 48654466 1
1 5402612 49800332 1
1 5402612 68760726 1
1 5402612 134971995 1
1 5402612 149283816 1
1 5402612 154498853 1
1 5402612 276943235 1
1 5402612 855556087 1
1 5402612 2463065714 1
1 5402612 2737674672 1
1 5402612 2787938268 1
1 5402612 2795517045 1
1 5539902 15976697 1
1 5539902 16973333 1
1 5695632 354694798 1
1 5695632 2165707725 1
1 8839632 14186393 1
1 8839632 97627107 1
1 8839632 2369233345 1
1 8936082 1979568403 1
1 8936082 2743678871 1
1 9763482 621419621 1
1 12912542 17679507 1
1 12912542 25073877 1
1 12912542 1125937411 1
1 12912542 1379288282 1
1 14075928 534745687 1
1 14138785 16343974 1
1 14138785 48654466 1
1 14138785 505848389 1
1 14138785 1491535328 1
1 14138785 1979568403 1
1 14173315 16146535 1
1 14173315 30122242 1
1 14173315 42858599 1
1 14173315 54661743 1
1 14173315 97627107 1
1 14173315 183901925 1
1 14173315 252629056 1
1 14173315 269992592 1
1 14173315 473472787 1
1 14173315 505848389 1
1 14173315 513051520 1
1 14173315 513739938 1
1 14173315 761809752 1
1 14173315 769702230 1
1 14173315 787774580 1
1 14173315 800748296 1
1 14173315 810053322 1
1 14173315 834672494 1
1 14173315 913225676 1
1 14173315 1112486646 1
1 14173315 1113983916 1
1 14173315 1491535328 1
1 14173315 1664059166 1
1 14173315 1669934971 1
1 14173315 1712662747 1
1 14173315 1958816220 1
1 14173315 1979568403 1
1 14173315 2369233345 1
1 14173315 2471421697 1
1 14293310 97627107 1
1 14293310 103245828 1
1 14293310 138901623 1
1 14293310 1113983916 1
1 14293310 1643704652 1
1 14293310 2376768615 1
1 14319981 15652824 1
1 14319981 18008403 1
1 14319981 21457771 1
1 14319981 35860455 1
1 14319981 50948136 1
1 14319981 120818659 1
1 14319981 199056422 1
1 14319981 780269431 1
1 14319981 939024314 1
1 14319981 1862771521 1
1 14319981 2383954135 1
1 14511951 42858599 1
1 14511951 1664059166 1
1 14511951 1692174140 1
1 14511951 1958816220 1
1 14511951 2165707725 1
1 14511951 2365305244 1
1 14511951 2676050774 1
1 14577821 163992822 1
1 14669951 18294521 1
1 14669951 20715638 1
1 14669951 33611715 1
1 14669951 48654466 1
1 14669951 68760726 1
1 14669951 127693283 1
1 14669951 270535444 1
1 14669951 379962842 1
1 14669951 382299304 1
1 14669951 394392730 1
1 14669951 532457531 1
1 14669951 534745687 1
1 14669951 542962969 1
1 14669951 601189357 1
1 14669951 1242171468 1
1 14669951 1317689665 1
1 14669951 1631841212 1
1 14669951 2562585720 1
1 14669951 2734291692 1
1 14669951 2795517045 1
1 14762779 16973333 1
1 14762779 17469289 1
1 14849562 15652824 1
1 14849562 16582131 1
1 14849562 17719592 1
1 14849562 49800332 1
1 14849562 57775464 1
1 14849562 149751818 1
1 14849562 239025975 1
1 14849562 269992592 1
1 14849562 354694798 1
1 14849562 627830911 1
1 14849562 768588614 1
1 14849562 834672494 1
1 14849562 1112486646 1
1 14849562 1712662747 1
1 14849562 2369193094 1
1 14849562 2463065714 1
1 14849562 2734291692 1
1 14849562 2795517045 1
1 15012486 15574237 1
1 15012486 16146535 1
1 15012486 207249457 1
1 15012486 392860200 1
1 15012486 1113983916 1
1 15012486 1669934971 1
1 15012486 1979568403 1
1 15164565 392860200 1
1 15174190 29417304 1
1 15438913 1113983916 1
1 15652824 16664681 1
1 15652824 16973333 1
1 15739391 67514751 1
1 15739391 158064102 1
1 15739391 159447476 1
1 15739391 270535444 1
1 15739391 388105873 1
1 15739391 394392730 1
1 15739391 552421902 1
1 15739391 1418775942 1
1 15739391 1616425044 1
1 15739391 2562154980 1
1 15739391 2720901920 1
1 15739391 2795517045 1
1 15968617 219937434 1
1 15976697 199056422 1
1 15976697 247991761 1
1 15976697 270535444 1
1 15976697 302353072 1
1 15976697 372875229 1
1 15976697 465158270 1
1 15976697 505214831 1
1 15976697 532457531 1
1 15976697 630717039 1
1 15976697 631437340 1
1 15976697 714947334 1
1 15976697 812542670 1
1 15976697 913517954 1
1 15976697 1091104740 1
1 15976697 1476028855 1
1 15976697 2543427014 1
1 15976697 2795517045 1
1 16146535 219937434 1
1 16146535 635745335 1
1 16343974 21155483 1
1 16343974 23732681 1
1 16343974 48654466 1
1 16343974 207249457 1
1 16343974 379962842 1
1 16343974 787774580 1
1 16343974 1664059166 1
1 16343974 1979568403 1
1 16343974 2463065714 1
1 16343974 2488367000 1
1 16582131 156743986 1
1 16582131 219937434 1
1 16664681 134971995 1
1 16664681 324489515 1
1 16664681 1225907048 1
1 16664681 2365305244 1
1 16664681 2463065714 1
1 16664681 2795517045 1
1 16887175 30157391 1
1 16887175 163992822 1
1 16887175 392860200 1
1 16887175 1071376531 1
1 16887175 1979568403 1
1 16887175 2463065714 1
1 16973333 30437065 1
1 16973333 42858599 1
1 16973333 163992822 1
1 16973333 483395237 1
1 16973333 517212934 1
1 16973333 787774580 1
1 16973333 922083786 1
1 16973333 1057356487 1
1 16973333 1113983916 1
1 16973333 1924704842 1
1 16973333 1958816220 1
1 16973333 1979568403 1
1 16973333 2365305244 1
1 16973333 2463065714 1
1 16973333 2488367000 1
1 16973333 2734291692 1
1 16973333 2787938268 1
1 16973333 2799276557 1
1 17469289 141682204 1
1 17469289 621419621 1
1 17469289 1016153754 1
1 17469289 2543427014 1
1 17469289 2562154980 1
1 17469289 2676050774 1
1 17494767 35216399 1
1 17494767 168541923 1
1 17494767 208083510 1
1 17494767 1242171468 1
1 17494767 1379288282 1
1 17494767 2316246829 1
1 17679507 93637779 1
1 17719592 29417304 1
1 17719592 944425148 1
1 18008403 29417304 1
1 18008403 944425148 1
1 18220818 29417304 1
1 18220818 271413771 1
1 18244206 1091104740 1
1 18644313 29417304 1
1 19888921 121656624 1
1 19888921 219937434 1
1 19888921 1125937411 1
1 19888921 1379288282 1
1 20435808 26643566 1
1 20435808 156743986 1
1 20435808 168541923 1
1 20435808 342737639 1
1 20435808 1379288282 1
1 20715638 64643056 1
1 21091983 21426342 1
1 21091983 35216399 1
1 21091983 65493023 1
1 21091983 168541923 1
1 21091983 249219716 1
1 21091983 1125937411 1
1 21091983 1379288282 1
1 21091983 2273636460 1
1 21155483 51241574 1
1 21155483 57775464 1
1 21155483 93637779 1
1 21155483 219937434 1
1 21155483 356434482 1
1 21426342 22270993 1
1 21426342 29048085 1
1 21426342 32365573 1
1 21426342 33611715 1
1 21426342 55004670 1
1 21426342 67514751 1
1 21426342 159447476 1
1 21426342 228134082 1
1 21426342 372875229 1
1 21426342 1125937411 1
1 21426342 1643704652 1
1 21426342 2474620261 1
1 21965432 35216399 1
1 21965432 1379288282 1
1 21965432 2546562188 1
1 22270993 168541923 1
1 22270993 219937434 1
1 22270993 954124423 1
1 22270993 1125937411 1
1 22270993 1379288282 1
1 22270993 2316246829 1
1 22270993 2596413645 1
1 22984882 249219716 1
1 23237954 26643566 1
1 23237954 1379288282 1
1 23732681 29417304 1
1 23732681 279390084 1
1 23732681 635745335 1
1 25073877 27839828 1
1 25073877 35525976 1
1 25073877 88014344 1
1 25073877 97627107 1
1 25073877 247991761 1
1 25073877 252629056 1
1 25073877 254855062 1
1 25073877 316161690 1
1 25073877 376531194 1
1 25073877 382299304 1
1 25073877 526463447 1
1 25073877 714947334 1
1 25073877 812079846 1
1 25073877 939024314 1
1 25073877 1242171468 1
1 25073877 1369986619 1
1 25073877 1418775942 1
1 25073877 1664059166 1
1 25073877 1924704842 1
1 25073877 1979568403 1
1 25073877 2162983369 1
1 25073877 2707571696 1
1 26552390 1379288282 1
1 26643566 55004670 1
1 26643566 67514751 1
1 26643566 176657599 1
1 26643566 505214831 1
1 26643566 718319754 1
1 26643566 787484389 1
1 26643566 812079846 1
1 26643566 1372786812 1
1 26643566 1418775942 1
1 26643566 1643704652 1
1 26643566 2162983369 1
1 26643566 2825224526 1
1 26643566 2853443310 1
1 27839828 93637779 1
1 27839828 342737639 1
1 27839828 1125937411 1
1 28785486 60841112 1
1 28785486 199056422 1
1 28785486 211337962 1
1 28785486 340534889 1
1 28785486 505848389 1
1 28785486 621419621 1
1 28785486 1375526088 1
1 28785486 2162983369 1
1 28785486 2414457033 1
1 29048085 168541923 1
1 29048085 249219716 1
1 29048085 1125937411 1
1 29048085 2316246829 1
1 29417304 49800332 1
1 29417304 60841112 1
1 29417304 134971995 1
1 29417304 149751818 1
1 29417304 239025975 1
1 29417304 280082481 1
1 29417304 377540405 1
1 29417304 487816817 1
1 29417304 635745335 1
1 29417304 769702230 1
1 29417304 800748296 1
1 29417304 834672494 1
1 29417304 898260326 1
1 29417304 2369193094 1
1 29417304 2463065714 1
1 30122242 1125937411 1
1 30122242 1379288282 1
1 30644500 65493023 1
1 30644500 168541923 1
1 30644500 342737639 1
1 30644500 469194846 1
1 30644500 1379288282 1
1 32365573 1125937411 1
1 32365573 1379288282 1
1 33270656 272395158 1
1 33270656 1379288282 1
1 33529092 168541923 1
1 33611715 249219716 1
1 33611715 342737639 1
1 33611715 1125937411 1
1 34824846 65493023 1
1 34824846 219937434 1
1 35216399 55004670 1
1 35216399 64008841 1
1 35216399 159447476 1
1 35216399 233853114 1
1 35216399 381308128 1
1 35216399 532547274 1
1 35216399 570115053 1
1 35216399 631437340 1
1 35216399 812079846 1
1 35216399 1016153754 1
1 35216399 1059240924 1
1 35216399 1242171468 1
1 35216399 2273636460 1
1 35860455 944425148 1
1 37843279 57775464 1
1 37843279 65493023 1
1 37843279 954124423 1
1 37843279 1379288282 1
1 37984883 93637779 1
1 37984883 168541923 1
1 37984883 237403203 1
1 37984883 272395158 1
1 47554499 635745335 1
1 48141381 219937434 1
1 48141381 1379288282 1
1 48654466 51241574 1
1 48654466 64643056 1
1 50948136 1125937411 1
1 51241574 57994917 1
1 51241574 204195016 1
1 51241574 207249457 1
1 51241574 233853114 1
1 51241574 243844542 1
1 51241574 269992592 1
1 51241574 275942684 1
1 51241574 280082481 1
1 51241574 392860200 1
1 51241574 460577661 1
1 51241574 473472787 1
1 51241574 517212934 1
1 51241574 628638850 1
1 51241574 1057356487 1
1 51241574 1242171468 1
1 51241574 1664059166 1
1 51241574 1692174140 1
1 51241574 2273636460 1
1 51241574 2488367000 1
1 51241574 2799276557 1
1 51241574 2825224526 1
1 52141764 168541923 1
1 52141764 272395158 1
1 52141764 954124423 1
1 52141764 1379288282 1
1 53503202 635745335 1
1 54661743 93637779 1
1 55004670 121656624 1
1 55004670 168541923 1
1 55004670 342737639 1
1 55004670 954124423 1
1 55004670 1125937411 1
1 55004670 2316246829 1
1 57775464 58966831 1
1 57775464 134971995 1
1 57775464 159447476 1
1 57775464 239025975 1
1 57775464 269992592 1
1 57775464 812542670 1
1 57775464 834672494 1
1 57775464 1112486646 1
1 57775464 2162983369 1
1 57775464 2463065714 1
1 57775464 2795517045 1
1 58869220 249219716 1
1 58869220 2316246829 1
1 58966831 342737639 1
1 58966831 469194846 1
1 64008841 168541923 1
1 64008841 1059240924 1
1 64008841 1379288282 1
1 64643056 204195016 1
1 64643056 1242171468 1
1 64643056 2365305244 1
1 64643056 2488367000 1
1 65493023 68760726 1
1 65493023 228134082 1
1 65493023 505214831 1
1 65493023 526463447 1
1 65493023 532457531 1
1 65493023 812542670 1
1 65493023 913517954 1
1 65493023 1369986619 1
1 65493023 2543427014 1
1 65786703 342737639 1
1 65786703 356434482 1
1 65786703 954124423 1
1 65786703 2546562188 1
1 67514751 121656624 1
1 67514751 168541923 1
1 67514751 208083510 1
1 67514751 237403203 1
1 67514751 1125937411 1
1 68760726 272395158 1
1 69190453 1379288282 1
1 74247792 168541923 1
1 74247792 237403203 1
1 74247792 272395158 1
1 74247792 1125937411 1
1 74247792 1379288282 1
1 74644440 1059240924 1
1 80793585 249219716 1
1 88014344 237403203 1
1 88861017 342737639 1
1 88861017 356434482 1
1 88861017 1379288282 1
1 88861017 2546562188 1
1 93637779 141682204 1
1 93637779 714947334 1
1 93637779 939024314 1
1 93637779 1250419446 1
1 93637779 2396163398 1
1 95737635 168541923 1
1 95737635 954124423 1
1 95737635 1125937411 1
1 95737635 1379288282 1
1 108556027 279390084 1
1 120818659 237403203 1
1 120818659 342737639 1
1 121656624 388105873 1
1 121656624 618172850 1
1 121656624 787484389 1
1 121656624 939024314 1
1 121656624 1250419446 1
1 121656624 1317689665 1
1 121656624 1924704842 1
1 121656624 1979568403 1
1 121656624 2321272902 1
1 127693283 208083510 1
1 127693283 469194846 1
1 134971995 219937434 1
1 141682204 469194846 1
1 141682204 954124423 1
1 141682204 1379288282 1
1 146408874 168541923 1
1 146408874 1125937411 1
1 149751818 219937434 1
1 149751818 635745335 1
1 156743986 183901925 1
1 156743986 330759494 1
1 156743986 377540405 1
1 156743986 513739938 1
1 156743986 898260326 1
1 156743986 1242171468 1
1 156743986 1710120552 1
1 158064102 219937434 1
1 158064102 342737639 1
1 158064102 954124423 1
1 158064102 1125937411 1
1 158064102 1379288282 1
1 158064102 2316246829 1
1 159447476 954124423 1
1 159447476 1379288282 1
1 168541923 194615561 1
1 168541923 247991761 1
1 168541923 302353072 1
1 168541923 328440716 1
1 168541923 372875229 1
1 168541923 376531194 1
1 168541923 465158270 1
1 168541923 512327871 1
1 168541923 542962969 1
1 168541923 630717039 1
1 168541923 718319754 1
1 168541923 787484389 1
1 168541923 891114542 1
1 168541923 900187770 1
1 168541923 954124423 1
1 168541923 1016153754 1
1 168541923 1213293126 1
1 168541923 1369986619 1
1 168541923 1379288282 1
1 168541923 1476028855 1
1 168541923 1561539391 1
1 168541923 1643704652 1
1 168541923 1947303967 1
1 168541923 2152799365 1
1 168541923 2161787000 1
1 168541923 2162983369 1
1 168541923 2300551194 1
1 168541923 2543427014 1
1 168541923 2676050774 1
1 168541923 2707571696 1
1 183901925 944425148 1
1 194615561 249219716 1
1 194615561 356434482 1
1 194615561 1059240924 1
1 208083510 531629036 1
1 208083510 628638850 1
1 208083510 1213293126 1
1 208083510 1379288282 1
1 208083510 1616425044 1
1 208083510 1631841212 1
1 208083510 1697561382 1
1 219937434 228134082 1
1 219937434 270535444 1
1 219937434 280082481 1
1 219937434 340534889 1
1 219937434 570115053 1
1 219937434 767036004 1
1 219937434 769702230 1
1 219937434 787484389 1
1 219937434 1250419446 1
1 219937434 1710120552 1
1 219937434 2383954135 1
1 219937434 2543427014 1
1 228134082 356434482 1
1 228134082 954124423 1
1 228134082 1125937411 1
1 228134082 2316246829 1
1 233853114 249219716 1
1 233853114 1125937411 1
1 233853114 1379288282 1
1 237403203 316161690 1
1 237403203 535554692 1
1 237403203 787484389 1
1 237403203 939024314 1
1 237403203 1317689665 1
1 237403203 1379288282 1
1 237403203 1924704842 1
1 237403203 2273636460 1
1 237403203 2300551194 1
1 237403203 2462213766 1
1 239025975 768588614 1
1 241776425 271413771 1
1 241776425 635745335 1
1 244200716 279390084 1
1 247991761 1059240924 1
1 249219716 254855062 1
1 249219716 270535444 1
1 249219716 532547274 1
1 249219716 570115053 1
1 249219716 618172850 1
1 249219716 727472528 1
1 249219716 1317689665 1
1 249219716 1357779576 1
1 249219716 1476028855 1
1 252629056 1125937411 1
1 252629056 1379288282 1
1 254855062 954124423 1
1 254855062 2546562188 1
1 255236525 1125937411 1
1 255236525 1379288282 1
1 267004350 279390084 1
1 267004350 944425148 1
1 270535444 469194846 1
1 271413771 913225676 1
1 272395158 375669510 1
1 272395158 512327871 1
1 272395158 532457531 1
1 272395158 631437340 1
1 272395158 718319754 1
1 272395158 812079846 1
1 272395158 1476028855 1
1 279390084 316161690 1
1 279390084 324489515 1
1 279390084 460577661 1
1 279390084 628638850 1
1 279390084 635745335 1
1 279390084 944425148 1
1 280082481 635745335 1
1 292777349 855556087 1
1 302353072 469194846 1
1 302353072 954124423 1
1 302353072 1379288282 1
1 309686668 1125937411 1
1 316161690 1125937411 1
1 322572436 565726567 1
1 322572436 1692174140 1
1 324489515 1125937411 1
1 328440716 954124423 1
1 328440716 1125937411 1
1 340534889 635745335 1
1 342737639 375669510 1
1 342737639 381308128 1
1 342737639 465158270 1
1 342737639 505214831 1
1 342737639 512327871 1
1 342737639 526463447 1
1 342737639 546488925 1
1 342737639 570115053 1
1 342737639 598925796 1
1 342737639 630717039 1
1 342737639 704306828 1
1 342737639 882947018 1
1 342737639 1059240924 1
1 342737639 1242171468 1
1 342737639 2300551194 1
1 356434482 465158270 1
1 356434482 812542670 1
1 356434482 1357779576 1
1 356434482 1418775942 1
1 356434482 2161787000 1
1 366819502 1125937411 1
1 377540405 635745335 1
1 377540405 944425148 1
1 381308128 1379288282 1
1 381308128 2546562188 1
1 388105873 954124423 1
1 388105873 1379288282 1
1 394392730 469194846 1
1 412776430 954124423 1
1 412776430 1125937411 1
1 412776430 1379288282 1
1 460577661 944425148 1
1 465158270 954124423 1
1 469194846 567626521 1
1 469194846 618172850 1
1 469194846 727472528 1
1 469194846 1091104740 1
1 469194846 1418775942 1
1 469194846 1476028855 1
1 469194846 2720901920 1
1 469194846 2723735572 1
1 483395237 1125937411 1
1 500154514 635745335 1
1 500154514 944425148 1
1 512327871 1379288282 1
1 531629036 1379288282 1
1 532547274 1125937411 1
1 535554692 954124423 1
1 535554692 1125937411 1
1 552421902 1125937411 1
1 552421902 1379288282 1
1 552421902 2316246829 1
1 570115053 1125937411 1
1 598925796 2546562188 1
1 618172850 1059240924 1
1 618172850 1379288282 1
1 627830911 1091104740 1
1 630717039 1125937411 1
1 630717039 1379288282 1
1 635745335 705564782 1
1 635745335 767036004 1
1 635745335 769702230 1
1 635745335 780269431 1
1 635745335 898260326 1
1 635745335 944425148 1
1 635745335 2369193094 1
1 635745335 2369233345 1
1 635745335 2373857028 1
1 704306828 1059240924 1
1 704306828 1125937411 1
1 714947334 954124423 1
1 812079846 954124423 1
1 812079846 1059240924 1
1 812079846 1125937411 1
1 812079846 1379288282 1
1 812542670 954124423 1
1 812542670 1125937411 1
1 812542670 1379288282 1
1 891114542 1379288282 1
1 898260326 944425148 1
1 900187770 1125937411 1
1 900187770 1379288282 1
1 900187770 2316246829 1
1 944425148 1112486646 1
1 944425148 2463065714 1
1 954124423 1016153754 1
1 954124423 1242171468 1
1 954124423 1250419446 1
1 954124423 1357779576 1
1 954124423 1379288282 1
1 954124423 1476028855 1
1 954124423 1697561382 1
1 954124423 2155220057 1
1 954124423 2273636460 1
1 954124423 2474620261 1
1 954124423 2479977919 1
1 954124423 2543427014 1
1 954124423 2562585720 1
1 954124423 2676050774 1
1 954124423 2853443310 1
1 1059240924 1206885618 1
1 1059240924 1561539391 1
1 1059240924 1697561382 1
1 1125937411 1242171468 1
1 1125937411 1317689665 1
1 1125937411 1357779576 1
1 1125937411 1369986619 1
1 1125937411 1418775942 1
1 1125937411 1643704652 1
1 1125937411 1697561382 1
1 1125937411 1924704842 1
1 1125937411 1979568403 1
1 1125937411 2155220057 1
1 1125937411 2161787000 1
1 1125937411 2461452080 1
1 1125937411 2462213766 1
1 1125937411 2474620261 1
1 1125937411 2479977919 1
1 1125937411 2562585720 1
1 1125937411 2596413645 1
1 1125937411 2676050774 1
1 1213293126 2546562188 1
1 1242171468 2316246829 1
1 1317689665 2546562188 1
1 1369986619 1379288282 1
1 1369986619 2316246829 1
1 1372786812 1379288282 1
1 1372786812 2799276557 1
1 1379288282 1643704652 1
1 1379288282 1697561382 1
1 1379288282 1710120552 1
1 1379288282 2152799365 1
1 1379288282 2155220057 1
1 1379288282 2161787000 1
1 1379288282 2162983369 1
1 1379288282 2273636460 1
1 1379288282 2474620261 1
1 1379288282 2562154980 1
1 1379288282 2562585720 1
1 1379288282 2707571696 1
1 1379288282 2825224526 1
1 1379288282 2853443310 1
1 2152799365 2316246829 1
1 2161787000 2316246829 1
1 2316246829 2383954135 1
1 2316246829 2543427014 1
1 2316246829 2562154980 1
1 2316246829 2723735572 1
1 2463065714 2788225609 1
2 428333 759251 1
2 428333 2097571 1
2 428333 14186393 1
2 428333 15827727 1
2 428333 27839828 1
2 428333 35525976 1
2 428333 48654466 1
2 428333 54661743 1
2 428333 57775464 1
2 428333 89265769 1
2 428333 103245828 1
2 428333 108556027 1
2 428333 141682204 1
2 428333 154498853 1
2 428333 163992822 1
2 428333 180317088 1
2 428333 183901925 1
2 428333 199056422 1
2 428333 243844542 1
2 428333 244200716 1
2 428333 252629056 1
2 428333 267004350 1
2 428333 275942684 1
2 428333 276943235 1
2 428333 308892843 1
2 428333 324489515 1
2 428333 354694798 1
2 428333 505848389 1
2 428333 534745687 1
2 428333 598925796 1
2 428333 761809752 1
2 428333 764103254 1
2 428333 767036004 1
2 428333 830035634 1
2 428333 834672494 1
2 428333 855556087 1
2 428333 948708523 1
2 428333 957832087 1
2 428333 1225907048 1
2 428333 1242171468 1
2 428333 1476028855 1
2 428333 1491535328 1
2 428333 1862771521 1
2 428333 1958816220 1
2 428333 1979568403 1
2 428333 2156561740 1
2 428333 2365305244 1
2 428333 2369233345 1
2 428333 2373857028 1
2 428333 2376768615 1
2 428333 2396163398 1
2 428333 2414457033 1
2 428333 2463065714 1
2 428333 2479977919 1
2 428333 2562154980 1
2 428333 2707571696 1
2 428333 2723735572 1
2 428333 2787938268 1
2 428333 2795517045 1
2 428333 2828277842 1
2 742143 48654466 1
2 742143 138901623 1
2 742143 764103254 1
2 759251 2097571 1
2 759251 15827727 1
2 759251 15968617 1
2 759251 20715638 1
2 759251 21965432 1
2 759251 35525976 1
2 759251 39609732 1
2 759251 48654466 1
2 759251 89265769 1
2 759251 163749775 1
2 759251 163992822 1
2 759251 309686668 1
2 759251 372875229 1
2 759251 513739938 1
2 759251 534745687 1
2 759251 830035634 1
2 759251 855556087 1
2 759251 1225907048 1
2 759251 1375526088 1
2 759251 1664059166 1
2 759251 1862771521 1
2 759251 2156561740 1
2 759251 2365305244 1
2 759251 2396163398 1
2 759251 2414457033 1
2 759251 2463065714 1
2 759251 2723735572 1
2 759251 2737674672 1
2 759251 2743678871 1
2 807095 42858599 1
2 807095 275942684 1
2 807095 830035634 1
2 807095 948708523 1
2 807095 1057356487 1
2 807095 1113983916 1
2 807095 1664059166 1
2 807095 1692174140 1
2 807095 2181188602 1
2 1367531 14577821 1
2 1367531 15617333 1
2 1367531 15976697 1
2 1367531 17679507 1
2 1367531 21091983 1
2 1367531 21155483 1
2 1367531 22270993 1
2 1367531 26487169 1
2 1367531 26552390 1
2 1367531 26643566 1
2 1367531 32365573 1
2 1367531 42858599 1
2 1367531 48654466 1
2 1367531 55004670 1
2 1367531 65786703 1
2 1367531 66037316 1
2 1367531 67514751 1
2 1367531 88014344 1
2 1367531 97627107 1
2 1367531 110445334 1
2 1367531 158064102 1
2 1367531 243844542 1
2 1367531 247104369 1
2 1367531 252629056 1
2 1367531 255236525 1
2 1367531 270535444 1
2 1367531 276943235 1
2 1367531 372875229 1
2 1367531 381308128 1
2 1367531 394392730 1
2 1367531 412776430 1
2 1367531 526463447 1
2 1367531 531629036 1
2 1367531 532547274 1
2 1367531 570115053 1
2 1367531 618172850 1
2 1367531 727472528 1
2 1367531 855556087 1
2 1367531 922083786 1
2 1367531 957832087 1
2 1367531 1113983916 1
2 1367531 1213293126 1
2 1367531 1225907048 1
2 1367531 1242171468 1
2 1367531 1317689665 1
2 1367531 1369986619 1
2 1367531 1476028855 1
2 1367531 1486117886 1
2 1367531 1616425044 1
2 1367531 1669934971 1
2 1367531 1697561382 1
2 1367531 1924704842 1
2 1367531 1944832135 1
2 1367531 1979568403 1
2 1367531 2155220057 1
2 1367531 2165707725 1
2 1367531 2181188602 1
2 1367531 2300551194 1
2 1367531 2321272902 1
2 1367531 2376768615 1
2 1367531 2396163398 1
2 1367531 2474620261 1
2 1367531 2543427014 1
2 1367531 2562154980 1
2 1367531 2562585720 1
2 1367531 2596413645 1
2 1367531 2720901920 1
2 1367531 2723735572 1
2 1367531 2743678871 1
2 1367531 2787938268 1
2 1367531 2795517045 1
2 1367531 2799276557 1
2 1367531 2904610481 1
2 1652541 39930604 1
2 1652541 48654466 1
2 1652541 196220287 1
2 1652541 199056422 1
2 1652541 211337962 1
2 1652541 275942684 1
2 1652541 280082481 1
2 1652541 505848389 1
2 1652541 787774580 1
2 1652541 1057356487 1
2 1652541 1476028855 1
2 1652541 1669934971 1
2 1652541 1692174140 1
2 1652541 2365305244 1
2 1652541 2575830003 1
2 1652541 2737674672 1
2 1652541 2787938268 1
2 2467791 15652824 1
2 2467791 15968617 1
2 2467791 18244206 1
2 2467791 26067145 1
2 2467791 30157391 1
2 2467791 42858599 1
2 2467791 54661743 1
2 2467791 89265769 1
2 2467791 121812371 1
2 2467791 141682204 1
2 2467791 146408874 1
2 2467791 199056422 1
2 2467791 207249457 1
2 2467791 275942684 1
2 2467791 621419621 1
2 2467791 705564782 1
2 2467791 810053322 1
2 2467791 1057356487 1
2 2467791 1091104740 1
2 2467791 1242171468 1
2 2467791 1486117886 1
2 2467791 1669934971 1
2 2467791 1692174140 1
2 2467791 1712662747 1
2 2467791 1947303967 1
2 2467791 1979568403 1
2 2467791 2165707725 1
2 2467791 2181188602 1
2 2467791 2383954135 1
2 2467791 2463065714 1
2 2467791 2543427014 1
2 2467791 2575830003 1
2 2467791 2737674672 1
2 2467791 2795517045 1
2 2883841 15574237 1
2 2883841 97627107 1
2 2883841 354694798 1
2 2883841 834672494 1
2 2883841 1113983916 1
2 2883841 2743678871 1
2 3108351 15617333 1
2 3108351 21457771 1
2 3108351 35525976 1
2 3108351 39609732 1
2 3108351 88014344 1
2 3108351 97627107 1
2 3108351 163992822 1
2 3108351 199056422 1
2 3108351 207249457 1
2 3108351 242849343 1
2 3108351 534745687 1
2 3108351 855556087 1
2 3108351 1071376531 1
2 3108351 1250419446 1
2 3108351 1669934971 1
2 3108351 1692174140 1
2 3108351 1979568403 1
2 3108351 2463065714 1
2 3108351 2723735572 1
2 3108351 2737674672 1
2 3108351 2787938268 1
2 3108351 2795517045 1
2 5539902 15438913 1
2 5539902 15754281 1
2 5539902 22844997 1
2 5539902 180887271 1
2 5695632 15574237 1
2 5695632 30437065 1
2 5695632 705564782 1
2 5695632 761809752 1
2 5695632 922083786 1
2 5695632 2365305244 1
2 5695632 2463065714 1
2 6017542 15652824 1
2 6017542 16146535 1
2 6017542 20715638 1
2 6017542 21091983 1
2 6017542 21457771 1
2 6017542 26067145 1
2 6017542 30157391 1
2 6017542 32365573 1
2 6017542 55004670 1
2 6017542 156743986 1
2 6017542 163749775 1
2 6017542 163992822 1
2 6017542 180317088 1
2 6017542 196220287 1
2 6017542 199056422 1
2 6017542 243844542 1
2 6017542 275942684 1
2 6017542 280082481 1
2 6017542 309686668 1
2 6017542 381308128 1
2 6017542 483395237 1
2 6017542 505848389 1
2 6017542 567626521 1
2 6017542 570115053 1
2 6017542 834672494 1
2 6017542 855556087 1
2 6017542 1250419446 1
2 6017542 1631841212 1
2 6017542 1664059166 1
2 6017542 1944832135 1
2 6017542 1979568403 1
2 6017542 2156561740 1
2 6017542 2181188602 1
2 6017542 2365305244 1
2 6017542 2488367000 1
2 6017542 2597920868 1
2 6017542 2828277842 1
2 6433472 15827727 1
2 6433472 16146535 1
2 6433472 18999969 1
2 6433472 19038934 1
2 6433472 19888921 1
2 6433472 39609732 1
2 6433472 49800332 1
2 6433472 55004670 1
2 6433472 60841112 1
2 6433472 68760726 1
2 6433472 154498853 1
2 6433472 159447476 1
2 6433472 163992822 1
2 6433472 180887271 1
2 6433472 199056422 1
2 6433472 200641413 1
2 6433472 204195016 1
2 6433472 243844542 1
2 6433472 247104369 1
2 6433472 252629056 1
2 6433472 483395237 1
2 6433472 500154514 1
2 6433472 513739938 1
2 6433472 517212934 1
2 6433472 534745687 1
2 6433472 598925796 1
2 6433472 769702230 1
2 6433472 922083786 1
2 6433472 1357779576 1
2 6433472 1369986619 1
2 6433472 1375526088 1
2 6433472 1491535328 1
2 6433472 1697561382 1
2 6433472 1979568403 1
2 6433472 2202375985 1
2 6433472 2300551194 1
2 6433472 2414457033 1
2 6433472 2463065714 1
2 6433472 2737674672 1
2 6433472 2743678871 1
2 6433472 2787938268 1
2 7744592 8839632 1
2 7744592 830035634 1
2 8839632 138901623 1
2 8839632 834672494 1
2 8839632 1664059166 1
2 8839632 1944832135 1
2 8839632 2463065714 1
2 14173315 15827727 1
2 14173315 16146535 1
2 14173315 18220818 1
2 14173315 19888921 1
2 14173315 20715638 1
2 14173315 54661743 1
2 14173315 57994917 1
2 14173315 97627107 1
2 14173315 108556027 1
2 14173315 138901623 1
2 14173315 149751818 1
2 14173315 154498853 1
2 14173315 163749775 1
2 14173315 196220287 1
2 14173315 216786228 1
2 14173315 269992592 1
2 14173315 276943235 1
2 14173315 324489515 1
2 14173315 340534889 1
2 14173315 366819502 1
2 14173315 372875229 1
2 14173315 394392730 1
2 14173315 473472787 1
2 14173315 486361268 1
2 14173315 505848389 1
2 14173315 517212934 1
2 14173315 532547274 1
2 14173315 570115053 1
2 14173315 705564782 1
2 14173315 761809752 1
2 14173315 769702230 1
2 14173315 834672494 1
2 14173315 922083786 1
2 14173315 1098697202 1
2 14173315 1664059166 1
2 14173315 1979568403 1
2 14173315 2155220057 1
2 14173315 2300551194 1
2 14173315 2396163398 1
2 14173315 2463065714 1
2 14173315 2723735572 1
2 14173315 2828277842 1
2 14186393 19038934 1
2 14186393 48956231 1
2 14511951 14762779 1
2 14511951 15574237 1
2 14511951 23732681 1
2 14511951 39930604 1
2 14511951 42858599 1
2 14511951 154498853 1
2 14511951 196220287 1
2 14511951 243844542 1
2 14511951 276943235 1
2 14511951 308892843 1
2 14511951 324489515 1
2 14511951 401710943 1
2 14511951 1098697202 1
2 14511951 1924704842 1
2 14511951 2369193094 1
2 14511951 2383954135 1
2 14511951 2743678871 1
2 14577821 163992822 1
2 14669951 233853114 1
2 14669951 379962842 1
2 14669951 618172850 1
2 14669951 1486117886 1
2 14780915 834672494 1
2 14849562 15652824 1
2 14849562 54661743 1
2 14849562 134971995 1
2 14849562 183901925 1
2 14849562 199056422 1
2 14849562 269992592 1
2 14849562 898260326 1
2 14849562 2369233345 1
2 14849562 2463065714 1
2 15012486 15819729 1
2 15012486 48654466 1
2 15012486 66037316 1
2 15012486 97627107 1
2 15012486 103245828 1
2 15012486 199056422 1
2 15012486 207249457 1
2 15012486 243844542 1
2 15012486 247104369 1
2 15012486 354694798 1
2 15012486 460577661 1
2 15012486 517212934 1
2 15012486 761809752 1
2 15012486 769702230 1
2 15012486 1071376531 1
2 15012486 1113983916 1
2 15012486 1225907048 1
2 15012486 1476028855 1
2 15012486 1491535328 1
2 15012486 1664059166 1
2 15012486 1669934971 1
2 15012486 2396163398 1
2 15012486 2463065714 1
2 15012486 2787938268 1
2 15012486 2795517045 1
2 15012486 2828277842 1
2 15174190 16172991 1
2 15174190 28785486 1
2 15438913 20715638 1
2 15438913 21155483 1
2 15438913 27839828 1
2 15438913 30644500 1
2 15438913 121812371 1
2 15438913 241776425 1
2 15438913 252629056 1
2 15438913 254855062 1
2 15438913 324489515 1
2 15438913 342737639 1
2 15438913 598925796 1
2 15438913 812079846 1
2 15438913 855556087 1
2 15438913 900187770 1
2 15438913 1113983916 1
2 15438913 1476028855 1
2 15438913 1862771521 1
2 15438913 2152799365 1
2 15438913 2155220057 1
2 15438913 2162983369 1
2 15438913 2181188602 1
2 15438913 2321272902 1
2 15438913 2365305244 1
2 15438913 2463065714 1
2 15438913 2825224526 1
2 15574237 180887271 1
2 15652824 51241574 1
2 15669672 30644500 1
2 15669672 176657599 1
2 15669672 252629056 1
2 15669672 316161690 1
2 15669672 375669510 1
2 15669672 382299304 1
2 15669672 812079846 1
2 15669672 812542670 1
2 15669672 1697561382 1
2 15669672 1924704842 1
2 15669672 1947303967 1
2 15669672 2155220057 1
2 15669672 2720901920 1
2 15754281 35860455 1
2 15754281 141682204 1
2 15754281 270535444 1
2 15754281 542962969 1
2 15754281 1375526088 1
2 15754281 1486117886 1
2 15754281 1862771521 1
2 15754281 2165707725 1
2 15754281 2370908751 1
2 15754281 2743678871 1
2 15754281 2904610481 1
2 15819729 24165761 1
2 15819729 42921216 1
2 15827727 19038934 1
2 15827727 51241574 1
2 15968617 42921216 1
2 15968617 51241574 1
2 16146535 18999969 1
2 16146535 42921216 1
2 16146535 93879982 1
2 16146535 1377719425 1
2 16172991 18220818 1
2 16172991 24165761 1
2 16172991 27839828 1
2 16172991 60841112 1
2 16172991 401710943 1
2 16172991 812542670 1
2 16172991 898260326 1
2 16172991 1112486646 1
2 16172991 2463065714 1
2 16582131 42921216 1
2 16582131 93879982 1
2 16711026 93879982 1
2 16887175 27839828 1
2 16887175 309686668 1
2 16887175 328440716 1
2 16887175 1979568403 1
2 16887175 2365305244 1
2 16887175 2788225609 1
2 16973333 17679507 1
2 16973333 68760726 1
2 16973333 276943235 1
2 16973333 324489515 1
2 16973333 1113983916 1
2 16973333 2463065714 1
2 16973333 2787938268 1
2 17004618 103245828 1
2 17004618 121812371 1
2 17494767 18294521 1
2 17494767 43182702 1
2 17494767 166990746 1
2 17719592 1377719425 1
2 18008403 42921216 1
2 18008403 1377719425 1
2 18220818 18999969 1
2 18220818 19038934 1
2 18220818 292777349 1
2 18244206 37984883 1
2 18244206 48956231 1
2 18294521 21091983 1
2 18294521 35216399 1
2 18294521 37984883 1
2 18294521 67514751 1
2 18294521 69190453 1
2 18294521 141682204 1
2 18294521 176657599 1
2 18294521 270535444 1
2 18294521 388105873 1
2 18294521 512327871 1
2 18294521 531629036 1
2 18294521 546488925 1
2 18294521 598925796 1
2 18294521 704306828 1
2 18294521 787484389 1
2 18294521 812079846 1
2 18294521 882947018 1
2 18294521 1561539391 1
2 18294521 1710120552 1
2 18294521 1979568403 1
2 18294521 2562154980 1
2 18644313 28785486 1
2 18644313 42921216 1
2 18999969 26552390 1
2 18999969 27839828 1
2 18999969 30644500 1
2 18999969 66037316 1
2 18999969 154498853 1
2 18999969 199056422 1
2 18999969 241776425 1
2 18999969 254855062 1
2 18999969 270535444 1
2 18999969 376531194 1
2 18999969 486361268 1
2 18999969 505214831 1
2 18999969 787484389 1
2 18999969 812079846 1
2 18999969 1071376531 1
2 18999969 1369986619 1
2 18999969 1697561382 1
2 18999969 1712662747 1
2 18999969 2202375985 1
2 18999969 2463065714 1
2 18999969 2543427014 1
2 18999969 2825224526 1
2 19038934 26552390 1
2 19038934 68760726 1
2 19038934 74644440 1
2 19038934 89265769 1
2 19038934 134971995 1
2 19038934 154498853 1
2 19038934 199056422 1
2 19038934 247104369 1
2 19038934 269992592 1
2 19038934 532547274 1
2 19038934 598925796 1
2 19038934 922083786 1
2 19038934 1491535328 1
2 19038934 2414457033 1
2 19038934 2463065714 1
2 19888921 43182702 1
2 20715638 64643056 1
2 21155483 22844997 1
2 21155483 28785486 1
2 21155483 166990746 1
2 21196759 87818409 1
2 21457771 28785486 1
2 22270993 43182702 1
2 22270993 457984599 1
2 22844997 24923175 1
2 22844997 34824846 1
2 22844997 120818659 1
2 22844997 394392730 1
2 22844997 1697561382 1
2 22844997 1947303967 1
2 22984882 166990746 1
2 22984882 237403203 1
2 23237954 237403203 1
2 23237954 342737639 1
2 24923175 180887271 1
2 26067145 51241574 1
2 26067145 110445334 1
2 26067145 292777349 1
2 26552390 43182702 1
2 26552390 166990746 1
2 27839828 627830911 1
2 28785486 30157391 1
2 28785486 30437065 1
2 28785486 39609732 1
2 28785486 42858599 1
2 28785486 154498853 1
2 28785486 163749775 1
2 28785486 180317088 1
2 28785486 204195016 1
2 28785486 216123608 1
2 28785486 239025975 1
2 28785486 252629056 1
2 28785486 280082481 1
2 28785486 308892843 1
2 28785486 354694798 1
2 28785486 486361268 1
2 28785486 505848389 1
2 28785486 764103254 1
2 28785486 768588614 1
2 28785486 922083786 1
2 28785486 1016153754 1
2 28785486 1071376531 1
2 28785486 1113983916 1
2 28785486 1213293126 1
2 28785486 1375526088 1
2 28785486 1598812760 1
2 28785486 1664059166 1
2 28785486 1669934971 1
2 28785486 1979568403 1
2 28785486 2365305244 1
2 28785486 2370908751 1
2 28785486 2376768615 1
2 28785486 2396163398 1
2 28785486 2723735572 1
2 28785486 2743678871 1
2 28785486 2799276557 1
2 28785486 2904610481 1
2 29048085 43182702 1
2 29048085 457984599 1
2 29048085 627830911 1
2 33529092 322572436 1
2 33611715 43182702 1
2 33611715 48956231 1
2 33611715 166990746 1
2 35525976 48956231 1
2 35525976 627830911 1
2 37843279 48956231 1
2 39609732 48956231 1
2 39609732 93879982 1
2 39609732 292777349 1
2 39930604 51241574 1
2 42921216 53503202 1
2 42921216 60841112 1
2 42921216 108556027 1
2 42921216 144402222 1
2 42921216 239025975 1
2 42921216 241776425 1
2 42921216 330759494 1
2 42921216 354694798 1
2 42921216 500154514 1
2 42921216 705564782 1
2 42921216 767036004 1
2 42921216 769702230 1
2 42921216 898260326 1
2 42921216 1112486646 1
2 42921216 2369193094 1
2 42921216 2369233345 1
2 42921216 2373857028 1
2 42921216 2471421697 1
2 43182702 48141381 1
2 43182702 55004670 1
2 43182702 88014344 1
2 43182702 95737635 1
2 43182702 228134082 1
2 43182702 254855062 1
2 43182702 255236525 1
2 43182702 302353072 1
2 43182702 376531194 1
2 43182702 388105873 1
2 43182702 505214831 1
2 43182702 512327871 1
2 43182702 531629036 1
2 43182702 570115053 1
2 43182702 601189357 1
2 43182702 630717039 1
2 43182702 714947334 1
2 43182702 718319754 1
2 43182702 891114542 1
2 43182702 900187770 1
2 43182702 1206885618 1
2 43182702 1418775942 1
2 43182702 1631841212 1
2 43182702 2152799365 1
2 43182702 2155220057 1
2 43182702 2543427014 1
2 43182702 2562154980 1
2 43182702 2562585720 1
2 43182702 2853443310 1
2 47554499 93879982 1
2 48141381 110445334 1
2 48141381 166990746 1
2 48654466 51241574 1
2 48654466 64643056 1
2 48654466 110445334 1
2 48654466 457984599 1
2 48956231 176657599 1
2 48956231 328440716 1
2 48956231 376531194 1
2 48956231 394392730 1
2 48956231 531629036 1
2 48956231 535554692 1
2 48956231 542962969 1
2 48956231 598925796 1
2 48956231 1317689665 1
2 49800332 51241574 1
2 49800332 292777349 1
2 49800332 1377719425 1
2 50948136 237403203 1
2 51241574 66037316 1
2 51241574 121812371 1
2 51241574 154498853 1
2 51241574 180317088 1
2 51241574 196220287 1
2 51241574 200641413 1
2 51241574 233853114 1
2 51241574 242849343 1
2 51241574 243844542 1
2 51241574 247104369 1
2 51241574 275942684 1
2 51241574 276943235 1
2 51241574 379962842 1
2 51241574 392860200 1
2 51241574 473472787 1
2 51241574 486361268 1
2 51241574 505214831 1
2 51241574 534745687 1
2 51241574 567626521 1
2 51241574 598925796 1
2 51241574 727472528 1
2 51241574 767036004 1
2 51241574 780269431 1
2 51241574 882947018 1
2 51241574 1057356487 1
2 51241574 1098697202 1
2 51241574 1669934971 1
2 51241574 1692174140 1
2 51241574 1944832135 1
2 51241574 1947303967 1
2 51241574 1979568403 1
2 51241574 2365305244 1
2 51241574 2369233345 1
2 51241574 2376768615 1
2 51241574 2414457033 1
2 51241574 2463065714 1
2 51241574 2676050774 1
2 51241574 2723735572 1
2 51241574 2737674672 1
2 51241574 2743678871 1
2 51241574 2787938268 1
2 51241574 2795517045 1
2 51241574 2825224526 1
2 53503202 93879982 1
2 53503202 1377719425 1
2 55004670 1377719425 1
2 58869220 237403203 1
2 60841112 149283816 1
2 60841112 487816817 1
2 64008841 237403203 1
2 64643056 204195016 1
2 64643056 330759494 1
2 64643056 855556087 1
2 64643056 2156561740 1
2 65786703 469194846 1
2 66037316 110445334 1
2 68760726 110445334 1
2 68760726 166990746 1
2 68760726 237403203 1
2 74247792 457984599 1
2 80793585 237403203 1
2 87818409 89265769 1
2 87818409 243844542 1
2 87818409 780269431 1
2 87818409 1375526088 1
2 87818409 1664059166 1
2 87818409 2720901920 1
2 87818409 2788225609 1
2 88014344 166990746 1
2 89265769 180887271 1
2 93879982 134971995 1
2 93879982 144402222 1
2 93879982 239025975 1
2 93879982 241776425 1
2 93879982 500154514 1
2 93879982 800748296 1
2 93879982 2369193094 1
2 93879982 2373857028 1
2 95737635 166990746 1
2 95737635 237403203 1
2 110445334 376531194 1
2 110445334 394392730 1
2 110445334 542962969 1
2 110445334 1369986619 1
2 110445334 1947303967 1
2 110445334 2462213766 1
2 110445334 2720901920 1
2 110445334 2723735572 1
2 127693283 457984599 1
2 134971995 292777349 1
2 138901623 292777349 1
2 141682204 292777349 1
2 141682204 457984599 1
2 141682204 469194846 1
2 146408874 469194846 1
2 158064102 237403203 1
2 159447476 469194846 1
2 166990746 228134082 1
2 166990746 252629056 1
2 166990746 255236525 1
2 166990746 532457531 1
2 166990746 627830911 1
2 166990746 630717039 1
2 166990746 891114542 1
2 166990746 1561539391 1
2 166990746 1697561382 1
2 166990746 1710120552 1
2 166990746 2161787000 1
2 166990746 2300551194 1
2 166990746 2562585720 1
2 166990746 2723735572 1
2 176657599 237403203 1
2 176657599 627830911 1
2 179732982 1377719425 1
2 180887271 486361268 1
2 180887271 513739938 1
2 180887271 2463065714 1
2 196220287 292777349 1
2 237403203 309686668 1
2 237403203 388105873 1
2 237403203 394392730 1
2 237403203 505214831 1
2 237403203 532457531 1
2 237403203 532547274 1
2 237403203 546488925 1
2 237403203 570115053 1
2 237403203 598925796 1
2 237403203 630717039 1
2 237403203 704306828 1
2 237403203 714947334 1
2 237403203 727472528 1
2 237403203 900187770 1
2 237403203 1317689665 1
2 239025975 487816817 1
2 241776425 1377719425 1
2 242849343 292777349 1
2 243844542 292777349 1
2 243844542 322572436 1
2 252629056 457984599 1
2 252629056 627830911 1
2 270535444 292777349 1
2 280082481 292777349 1
2 280082481 1377719425 1
2 292777349 309686668 1
2 292777349 412776430 1
2 292777349 534745687 1
2 292777349 535554692 1
2 292777349 628038157 1
2 292777349 855556087 1
2 292777349 1071376531 1
2 292777349 1091104740 1
2 292777349 2181188602 1
2 322572436 598925796 1
2 322572436 1242171468 1
2 322572436 1369986619 1
2 322572436 2152799365 1
2 342737639 627830911 1
2 372875229 627830911 1
2 372875229 1377719425 1
2 394392730 457984599 1
2 457984599 512327871 1
2 457984599 1561539391 1
2 457984599 1631841212 1
2 457984599 2161787000 1
2 457984599 2300551194 1
2 457984599 2543427014 1
2 469194846 535554692 1
2 469194846 714947334 1
2 469194846 727472528 1
2 469194846 1476028855 1
2 495602226 1377719425 1
2 598925796 2365305244 1
2 627830911 891114542 1
2 705564782 1377719425 1
2 767036004 1377719425 1
2 810053322 1377719425 1
2 1377719425 2369193094 1
2 1377719425 2369233345 1
2 1377719425 2373857028 1
2 1377719425 2463065714 1
2 1377719425 2471421697 1
2 1377719425 2608043178 1
2 1377719425 2795517045 1
2 2463065714 2788225609 1
3 742143 5402612 1
3 742143 17679507 1
3 742143 48654466 1
3 742143 108556027 1
3 742143 154498853 1
3 742143 243844542 1
3 742143 505848389 1
3 742143 787774580 1
3 742143 948708523 1
3 742143 1057356487 1
3 742143 1242171468 1
3 742143 1692174140 1
3 742143 1958816220 1
3 742143 1979568403 1
3 742143 2370908751 1
3 742143 2943024549 1
3 755113 15174190 1
3 755113 17719592 1
3 755113 31223236 1
3 755113 60841112 1
3 755113 216123608 1
3 755113 216776631 1
3 755113 240697075 1
3 755113 260848405 1
3 755113 495602226 1
3 755113 635745335 1
3 755113 1862771521 1
3 755113 2608043178 1
3 755113 2897136909 1
3 755113 3179207340 1
3 759251 23237954 1
3 759251 42858599 1
3 759251 57994917 1
3 759251 275942684 1
3 759251 621419621 1
3 759251 787774580 1
3 759251 834672494 1
3 759251 957832087 1
3 759251 2403016908 1
3 759251 2597920868 1
3 759251 2787938268 1
3 807095 14762779 1
3 807095 26067145 1
3 807095 275942684 1
3 807095 948708523 1
3 807095 957832087 1
3 807095 1057356487 1
3 807095 1112486646 1
3 807095 1692174140 1
3 807095 2403016908 1
3 807095 2795517045 1
3 972651 39930604 1
3 972651 1664059166 1
3 1367531 14186393 1
3 1367531 29048085 1
3 1367531 42858599 1
3 1367531 48654466 1
3 1367531 159447476 1
3 1367531 204195016 1
3 1367531 233853114 1
3 1367531 242849343 1
3 1367531 244200716 1
3 1367531 252629056 1
3 1367531 375669510 1
3 1367531 465158270 1
3 1367531 513051520 1
3 1367531 570115053 1
3 1367531 628038157 1
3 1367531 830035634 1
3 1367531 855556087 1
3 1367531 882947018 1
3 1367531 957832087 1
3 1367531 1113983916 1
3 1367531 1225907048 1
3 1367531 1357779576 1
3 1367531 1669934971 1
3 1367531 1692174140 1
3 1367531 1924704842 1
3 1367531 2370908751 1
3 1367531 2376768615 1
3 1367531 2723735572 1
3 1367531 2734291692 1
3 1367531 2795517045 1
3 1367531 2799276557 1
3 1367531 2904610481 1
3 1367531 4797427108 1
3 1652541 15652824 1
3 1652541 48654466 1
3 1652541 57994917 1
3 1652541 243844542 1
3 1652541 275942684 1
3 1652541 473472787 1
3 1652541 1057356487 1
3 1652541 1071376531 1
3 1652541 1113983916 1
3 1652541 1692174140 1
3 1652541 2365305244 1
3 1652541 2370908751 1
3 1652541 2463065714 1
3 1652541 2488367000 1
3 1652541 2676050774 1
3 1652541 2737674672 1
3 1652541 2787938268 1
3 1652541 2788225609 1
3 1652541 2795517045 1
3 1652541 2943024549 1
3 1917731 17561562 1
3 1917731 20435808 1
3 1917731 26067145 1
3 1917731 26552390 1
3 1917731 194615561 1
3 1917731 486361268 1
3 1917731 1206885618 1
3 1917731 1242171468 1
3 1917731 2155220057 1
3 2097571 113410319 1
3 2097571 787774580 1
3 2097571 855556087 1
3 2097571 2488367000 1
3 2097571 2943024549 1
3 2836421 14173315 1
3 2883841 834672494 1
3 2883841 1113983916 1
3 3108351 17561562 1
3 3108351 35860455 1
3 3108351 855556087 1
3 3108351 1057356487 1
3 3108351 1692174140 1
3 3108351 1979568403 1
3 3108351 2370908751 1
3 3108351 2414457033 1
3 3108351 2723735572 1
3 3108351 2943024549 1
3 5402612 15174190 1
3 5402612 15827727 1
3 5402612 30157391 1
3 5402612 48654466 1
3 5402612 68760726 1
3 5402612 180317088 1
3 5402612 199056422 1
3 5402612 243844542 1
3 5402612 505848389 1
3 5402612 855556087 1
3 5402612 948708523 1
3 5402612 1098697202 1
3 5402612 1225907048 1
3 5402612 2156561740 1
3 5402612 2365305244 1
3 5402612 2463065714 1
3 5402612 2787938268 1
3 5402612 2788225609 1
3 5402612 2943024549 1
3 5539902 17004618 1
3 5539902 19038934 1
3 5539902 53429839 1
3 5539902 149913262 1
3 5695632 1712662747 1
3 6017542 14762779 1
3 6017542 20715638 1
3 6017542 35860455 1
3 6017542 48654466 1
3 6017542 58966831 1
3 6017542 138901623 1
3 6017542 180317088 1
3 6017542 200641413 1
3 6017542 275942684 1
3 6017542 308892843 1
3 6017542 855556087 1
3 6017542 1669934971 1
3 6017542 1944832135 1
3 6017542 1979568403 1
3 6017542 2181188602 1
3 6017542 2365305244 1
3 6017542 2787938268 1
3 6267962 15968617 1
3 6267962 108556027 1
3 6267962 260848405 1
3 6267962 316161690 1
3 6267962 727472528 1
3 6267962 1112486646 1
3 6267962 1712662747 1
3 6267962 2414457033 1
3 6267962 2463065714 1
3 6433472 19038934 1
3 6433472 200641413 1
3 6433472 1375526088 1
3 6433472 2737674672 1
3 7900962 17719592 1
3 7900962 31223236 1
3 7900962 74644440 1
3 7900962 216123608 1
3 7900962 260848405 1
3 7900962 267004350 1
3 7900962 495602226 1
3 7900962 913225676 1
3 7900962 1712662747 1
3 7900962 1920598429 1
3 7900962 2305879171 1
3 7900962 2461452080 1
3 7900962 2608043178 1
3 7900962 2897136909 1
3 8839632 22700291 1
3 8839632 57994917 1
3 8839632 103245828 1
3 8839632 183901925 1
3 8839632 2463065714 1
3 9228382 16582131 1
3 9228382 17719592 1
3 9228382 47554499 1
3 9228382 49800332 1
3 9228382 108556027 1
3 9228382 144402222 1
3 9228382 239025975 1
3 9228382 500154514 1
3 9228382 513739938 1
3 9228382 635745335 1
3 9228382 800748296 1
3 9228382 898260326 1
3 9228382 2414457033 1
3 9228382 2463065714 1
3 9763482 14762779 1
3 9763482 17561562 1
3 9763482 21091983 1
3 9763482 21196759 1
3 9763482 23732681 1
3 9763482 48141381 1
3 9763482 621419621 1
3 9763482 812079846 1
3 9763482 1944832135 1
3 9763482 1979568403 1
3 9763482 2474620261 1
3 12912542 130294479 1
3 12912542 190905427 1
3 12912542 358545917 1
3 14138785 16343974 1
3 14138785 48654466 1
3 14138785 211337962 1
3 14138785 252629056 1
3 14138785 1979568403 1
3 14138785 2202375985 1
3 14173315 31223236 1
3 14173315 113410319 1
3 14173315 252629056 1
3 14173315 834672494 1
3 14173315 1958816220 1
3 14173315 1979568403 1
3 14173315 2202375985 1
3 14173315 2788225609 1
3 14173315 2795517045 1
3 14173315 2943024549 1
3 14186393 17004618 1
3 14186393 51241574 1
3 14186393 472552916 1
3 14293310 17561562 1
3 14293310 18294521 1
3 14293310 243844542 1
3 14293310 2156561740 1
3 14511951 29417304 1
3 14511951 30437065 1
3 14511951 60841112 1
3 14511951 244200716 1
3 14511951 801698222 1
3 14511951 3196826180 1
3 14577821 64643056 1
3 14669951 20715638 1
3 14669951 23237954 1
3 14669951 58869220 1
3 14669951 412776430 1
3 14669951 483395237 1
3 14669951 526463447 1
3 14669951 1418775942 1
3 14669951 1476028855 1
3 14849562 53429839 1
3 14849562 354694798 1
3 14849562 472552916 1
3 15164565 48956231 1
3 15164565 57994917 1
3 15164565 1862771521 1
3 15164565 2181188602 1
3 15164565 2305879171 1
3 15164565 2376768615 1
3 15164565 2943024549 1
3 15174190 53429839 1
3 15174190 213291472 1
3 15174190 472552916 1
3 15174190 1920598429 1
3 15438913 48654466 1
3 15438913 598925796 1
3 15438913 801698222 1
3 15438913 855556087 1
3 15438913 1113983916 1
3 15438913 1486117886 1
3 15574237 17469289 1
3 15574237 2196201139 1
3 15669672 22984882 1
3 15669672 74644440 1
3 15669672 535554692 1
3 15669672 1206885618 1
3 15669672 1561539391 1
3 15669672 2155220057 1
3 15754281 252629056 1
3 15754281 598925796 1
3 15754281 628038157 1
3 15754281 913225676 1
3 15754281 957832087 1
3 15754281 1375526088 1
3 15754281 1476028855 1
3 15754281 2156561740 1
3 15754281 2575830003 1
3 15827727 19038934 1
3 15968617 16711026 1
3 16146535 179732982 1
3 16146535 472552916 1
3 16343974 27839828 1
3 16343974 1113983916 1
3 16552921 22984882 1
3 16552921 35525976 1
3 16552921 48141381 1
3 16552921 60113766 1
3 16552921 80793585 1
3 16552921 91882544 1
3 16552921 270535444 1
3 16552921 342894187 1
3 16552921 532547274 1
3 16552921 812079846 1
3 16552921 1213293126 1
3 16552921 1242171468 1
3 16552921 1418775942 1
3 16552921 2562585720 1
3 16552921 2596413645 1
3 16582131 63144098 1
3 16582131 487816817 1
3 16711026 18008403 1
3 16711026 53503202 1
3 16711026 241776425 1
3 16711026 500154514 1
3 16711026 800748296 1
3 16711026 2165707725 1
3 16711026 2463065714 1
3 16887175 855556087 1
3 16973333 103245828 1
3 16973333 328440716 1
3 16973333 2471421697 1
3 16973333 2734291692 1
3 16973333 2787938268 1
3 17004618 30157391 1
3 17004618 66037316 1
3 17004618 120818659 1
3 17004618 199056422 1
3 17004618 211337962 1
3 17004618 714947334 1
3 17004618 2463065714 1
3 17004618 2795517045 1
3 17469289 22844997 1
3 17469289 255236525 1
3 17469289 621419621 1
3 17469289 801698222 1
3 17469289 810053322 1
3 17469289 1016153754 1
3 17469289 1664059166 1
3 17561562 47739450 1
3 17561562 141682204 1
3 17561562 1292439571 1
3 17679507 149913262 1
3 17679507 320655939 1
3 18008403 213291472 1
3 18008403 2196201139 1
3 18220818 24165761 1
3 18244206 47739450 1
3 18244206 342894187 1
3 18643437 20715638 1
3 18643437 21091983 1
3 18643437 52141764 1
3 18643437 80793585 1
3 18643437 247991761 1
3 18643437 375669510 1
3 18643437 546488925 1
3 18643437 1561539391 1
3 18643437 1631841212 1
3 18643437 2305879171 1
3 18643437 2471421697 1
3 18644313 325265073 1
3 19038934 89265769 1
3 19038934 270535444 1
3 19038934 727472528 1
3 19888921 130294479 1
3 19888921 208083510 1
3 20435808 64643056 1
3 20435808 91882544 1
3 20435808 252629056 1
3 20435808 457984599 1
3 20435808 601189357 1
3 20435808 2461452080 1
3 20715638 64643056 1
3 21091983 26487169 1
3 21091983 91882544 1
3 21091983 130294479 1
3 21091983 208083510 1
3 21091983 379962842 1
3 21091983 1292439571 1
3 21155483 462104542 1
3 21196759 271413771 1
3 21426342 91882544 1
3 21426342 208083510 1
3 21965432 190905427 1
3 22270993 50769180 1
3 22270993 60113766 1
3 22270993 91882544 1
3 22270993 208083510 1
3 22984882 91882544 1
3 23237954 26487169 1
3 24165761 39930604 1
3 24165761 49800332 1
3 24165761 134971995 1
3 24165761 247104369 1
3 24165761 834672494 1
3 24165761 1113983916 1
3 24165761 2471421697 1
3 24506246 39609732 1
3 24506246 49800332 1
3 24506246 134971995 1
3 24506246 144402222 1
3 24506246 154498853 1
3 24506246 239025975 1
3 24506246 242849343 1
3 24506246 275942684 1
3 24506246 328440716 1
3 24506246 376531194 1
3 24506246 401710943 1
3 24506246 500154514 1
3 24506246 705564782 1
3 24506246 769702230 1
3 24506246 1979568403 1
3 24506246 2165707725 1
3 24506246 2383954135 1
3 24506246 2463065714 1
3 24923175 74644440 1
3 24923175 146408874 1
3 24923175 394392730 1
3 24923175 535554692 1
3 24923175 618172850 1
3 24923175 727472528 1
3 24923175 2734291692 1
3 24923175 3092625141 1
3 26487169 27839828 1
3 26487169 33270656 1
3 26487169 35525976 1
3 26487169 64008841 1
3 26487169 146408874 1
3 26487169 158064102 1
3 26487169 228134082 1
3 26487169 272114651 1
3 26487169 366819502 1
3 26487169 376531194 1
3 26487169 382299304 1
3 26487169 598925796 1
3 26487169 714947334 1
3 26487169 812079846 1
3 26487169 882947018 1
3 26487169 891114542 1
3 26487169 1206885618 1
3 26487169 1418775942 1
3 26487169 1476028855 1
3 26487169 1561539391 1
3 26487169 1631841212 1
3 26487169 1924704842 1
3 26487169 2305879171 1
3 26487169 2720901920 1
3 26552390 342894187 1
3 26900055 33410754 1
3 26900055 33529092 1
3 26900055 33611715 1
3 26900055 65786703 1
3 26900055 69190453 1
3 26900055 208083510 1
3 26900055 270535444 1
3 26900055 366819502 1
3 26900055 393190233 1
3 26900055 465158270 1
3 26900055 567626521 1
3 26900055 570115053 1
3 26900055 601189357 1
3 26900055 787484389 1
3 26900055 891114542 1
3 26900055 1075460258 1
3 26900055 1372786812 1
3 26900055 1618641848 1
3 26900055 1631841212 1
3 26900055 2903166449 1
3 26900055 3540252020 1
3 27839828 271413771 1
3 27839828 342894187 1
3 27839828 457984599 1
3 29048085 64643056 1
3 29048085 2461452080 1
3 30122242 64643056 1
3 30122242 342894187 1
3 30437065 216776631 1
3 30644500 58966831 1
3 30644500 130294479 1
3 30644500 342894187 1
3 31223236 213291472 1
3 31223236 216776631 1
3 31223236 2196201139 1
3 32365573 51241574 1
3 32365573 60113766 1
3 32365573 91882544 1
3 33270656 196168350 1
3 33270656 208083510 1
3 33270656 457984599 1
3 33270656 3092625141 1
3 33410754 60113766 1
3 33410754 272114651 1
3 33410754 393190233 1
3 33410754 462104542 1
3 33410754 1075460258 1
3 33410754 1372786812 1
3 33529092 208083510 1
3 33529092 372875229 1
3 33529092 393190233 1
3 33529092 567626521 1
3 33529092 3540252020 1
3 33611715 58966831 1
3 33611715 208083510 1
3 33611715 379962842 1
3 33611715 565726567 1
3 34824846 91882544 1
3 34824846 727472528 1
3 35216399 58966831 1
3 35216399 2474620261 1
3 37843279 64643056 1
3 37843279 149913262 1
3 37984883 50769180 1
3 37984883 91882544 1
3 37984883 149913262 1
3 39609732 134971995 1
3 39609732 149283816 1
3 39609732 292777349 1
3 39609732 487816817 1
3 39609732 768588614 1
3 46822887 49800332 1
3 46822887 60841112 1
3 46822887 144402222 1
3 46822887 149751818 1
3 46822887 216786228 1
3 46822887 239025975 1
3 46822887 487816817 1
3 46822887 768588614 1
3 46822887 780269431 1
3 47554499 63144098 1
3 47554499 472552916 1
3 47739450 48141381 1
3 47739450 58966831 1
3 47739450 66037316 1
3 47739450 176657599 1
3 47739450 379962842 1
3 47739450 505214831 1
3 47739450 532547274 1
3 47739450 601189357 1
3 47739450 628038157 1
3 47739450 1418775942 1
3 47739450 1924704842 1
3 47739450 2273636460 1
3 47739450 2300551194 1
3 48141381 3540252020 1
3 48654466 51241574 1
3 48654466 64643056 1
3 49800332 51241574 1
3 49800332 63144098 1
3 49800332 64643056 1
3 49800332 87416722 1
3 49800332 325265073 1
3 49800332 487816817 1
3 50769180 50948136 1
3 50769180 74247792 1
3 50769180 270535444 1
3 50769180 382299304 1
3 50769180 618172850 1
3 50769180 714947334 1
3 50769180 1016153754 1
3 50948136 208083510 1
3 50948136 272114651 1
3 50948136 1075460258 1
3 50948136 1292439571 1
3 51241574 54661743 1
3 51241574 108556027 1
3 51241574 121812371 1
3 51241574 149283816 1
3 51241574 163992822 1
3 51241574 180317088 1
3 51241574 204195016 1
3 51241574 242849343 1
3 51241574 275942684 1
3 51241574 280082481 1
3 51241574 513051520 1
3 51241574 598925796 1
3 51241574 1057356487 1
3 51241574 1071376531 1
3 51241574 1598812760 1
3 51241574 1692174140 1
3 51241574 2376768615 1
3 51241574 2383954135 1
3 51241574 2462213766 1
3 51241574 2463065714 1
3 51241574 2488367000 1
3 51241574 2676050774 1
3 51241574 2795517045 1
3 51241574 2943024549 1
3 52141764 64643056 1
3 52141764 196168350 1
3 52141764 457984599 1
3 52141764 3540252020 1
3 53429839 199056422 1
3 53429839 469194846 1
3 53429839 567626521 1
3 53429839 900187770 1
3 53429839 2321272902 1
3 53429839 2462213766 1
3 53429839 2463065714 1
3 53503202 179732982 1
3 53503202 2196201139 1
3 55004670 58966831 1
3 55004670 91882544 1
3 55004670 565726567 1
3 58869220 196168350 1
3 58869220 342894187 1
3 58869220 457984599 1
3 58869220 565726567 1
3 58966831 64008841 1
3 58966831 159447476 1
3 58966831 255236525 1
3 58966831 546488925 1
3 58966831 552421902 1
3 58966831 565726567 1
3 58966831 628638850 1
3 58966831 1242171468 1
3 58966831 1250419446 1
3 58966831 1292439571 1
3 58966831 1924704842 1
3 58966831 2162983369 1
3 58966831 2300551194 1
3 58966831 2321272902 1
3 60113766 69190453 1
3 60113766 208083510 1
3 60113766 465158270 1
3 60113766 812079846 1
3 60113766 1372786812 1
3 60113766 1616425044 1
3 60113766 1631841212 1
3 60113766 2734291692 1
3 63144098 149283816 1
3 63144098 183901925 1
3 63144098 269992592 1
3 63144098 377540405 1
3 63144098 500154514 1
3 63144098 800748296 1
3 63144098 2471421697 1
3 64008841 3092625141 1
3 64643056 97627107 1
3 64643056 121812371 1
3 64643056 180317088 1
3 64643056 204195016 1
3 64643056 228134082 1
3 64643056 243844542 1
3 64643056 252629056 1
3 64643056 267004350 1
3 64643056 324489515 1
3 64643056 465158270 1
3 64643056 483395237 1
3 64643056 718319754 1
3 64643056 855556087 1
3 64643056 1071376531 1
3 64643056 2152799365 1
3 64643056 2155220057 1
3 64643056 2321272902 1
3 64643056 2365305244 1
3 64643056 2370908751 1
3 64643056 2414457033 1
3 64643056 2471421697 1
3 64643056 2474620261 1
3 64643056 2488367000 1
3 64643056 2562154980 1
3 64643056 2707571696 1
3 64643056 2723735572 1
3 64643056 2799276557 1
3 64643056 2828277842 1
3 64643056 2943024549 1
3 66037316 565726567 1
3 67514751 208083510 1
3 67514751 565726567 1
3 68760726 190905427 1
3 69190453 91882544 1
3 69190453 393190233 1
3 69190453 462104542 1
3 74247792 462104542 1
3 74644440 358545917 1
3 80793585 208083510 1
3 80793585 342894187 1
3 80793585 358545917 1
3 80793585 2461452080 1
3 87416722 2156561740 1
3 87416722 2676050774 1
3 88014344 91882544 1
3 88014344 130294479 1
3 88014344 1924704842 1
3 88861017 91882544 1
3 88861017 342894187 1
3 88861017 1618641848 1
3 88861017 3540252020 1
3 91882544 95737635 1
3 91882544 141682204 1
3 91882544 159447476 1
3 91882544 194615561 1
3 91882544 228134082 1
3 91882544 302353072 1
3 91882544 376531194 1
3 91882544 382299304 1
3 91882544 505214831 1
3 91882544 531629036 1
3 91882544 535554692 1
3 91882544 542962969 1
3 91882544 546488925 1
3 91882544 598925796 1
3 91882544 628638850 1
3 91882544 630717039 1
3 91882544 631437340 1
3 91882544 812079846 1
3 91882544 891114542 1
3 91882544 900187770 1
3 91882544 913517954 1
3 91882544 939024314 1
3 91882544 1206885618 1
3 91882544 1213293126 1
3 91882544 1357779576 1
3 91882544 1379288282 1
3 91882544 1418775942 1
3 91882544 1616425044 1
3 91882544 1631841212 1
3 91882544 1697561382 1
3 91882544 2152799365 1
3 91882544 2161787000 1
3 91882544 2300551194 1
3 91882544 2365305244 1
3 91882544 2461452080 1
3 91882544 2462213766 1
3 91882544 2479977919 1
3 91882544 2543427014 1
3 91882544 2562154980 1
3 91882544 2562585720 1
3 91882544 2596413645 1
3 91882544 2707571696 1
3 91882544 2720901920 1
3 91882544 2723735572 1
3 91882544 2734291692 1
3 93637779 1357779576 1
3 93637779 2161787000 1
3 93637779 2202375985 1
3 93637779 2474620261 1
3 93637779 2543427014 1
3 95737635 342894187 1
3 120818659 208083510 1
3 120818659 342894187 1
3 120818659 358545917 1
3 120818659 379962842 1
3 120818659 462104542 1
3 127693283 342894187 1
3 127693283 1372786812 1
3 130294479 199056422 1
3 130294479 372875229 1
3 130294479 535554692 1
3 130294479 552421902 1
3 130294479 628638850 1
3 130294479 1317689665 1
3 130294479 2273636460 1
3 130294479 2369233345 1
3 130294479 2479977919 1
3 134971995 179732982 1
3 134971995 325265073 1
3 134971995 472552916 1
3 138901623 727472528 1
3 144402222 325265073 1
3 146408874 208083510 1
3 146408874 358545917 1
3 146408874 366819502 1
3 146408874 727472528 1
3 149283816 179732982 1
3 149913262 199056422 1
3 149913262 270535444 1
3 149913262 505214831 1
3 149913262 532457531 1
3 149913262 598925796 1
3 149913262 1369986619 1
3 149913262 1476028855 1
3 149913262 1561539391 1
3 149913262 2152799365 1
3 149913262 2161787000 1
3 149913262 2543427014 1
3 158064102 208083510 1
3 159447476 190905427 1
3 159447476 342894187 1
3 163749775 292777349 1
3 168541923 322572436 1
3 179732982 239025975 1
3 179732982 242849343 1
3 179732982 913225676 1
3 179732982 2365305244 1
3 183901925 325265073 1
3 190905427 270535444 1
3 190905427 913517954 1
3 190905427 2734291692 1
3 196168350 302353072 1
3 196168350 316161690 1
3 196168350 412776430 1
3 196168350 1561539391 1
3 196168350 2853443310 1
3 196168350 2903166449 1
3 199056422 457984599 1
3 208083510 255236525 1
3 208083510 328440716 1
3 208083510 381308128 1
3 208083510 601189357 1
3 208083510 704306828 1
3 208083510 882947018 1
3 208083510 1016153754 1
3 208083510 1616425044 1
3 208083510 1618641848 1
3 208083510 1643704652 1
3 208083510 1697561382 1
3 208083510 1979568403 1
3 208083510 2321272902 1
3 208083510 2462213766 1
3 208083510 2543427014 1
3 208083510 2562154980 1
3 208083510 2676050774 1
3 208083510 2707571696 1
3 208083510 2825224526 1
3 208083510 2853443310 1
3 208083510 3540252020 1
3 211337962 271413771 1
3 213291472 216123608 1
3 213291472 260848405 1
3 213291472 330759494 1
3 213291472 1920598429 1
3 213291472 2608043178 1
3 213291472 4797427108 1
3 216123608 216776631 1
3 216776631 240697075 1
3 216776631 241776425 1
3 216776631 260848405 1
3 216776631 267004350 1
3 216776631 330759494 1
3 216776631 377540405 1
3 216776631 401710943 1
3 216776631 2165707725 1
3 216776631 2608043178 1
3 216776631 4797427108 1
3 216786228 325265073 1
3 216786228 769702230 1
3 233853114 379962842 1
3 239025975 325265073 1
3 239025975 487816817 1
3 241776425 2196201139 1
3 244200716 472552916 1
3 247991761 342894187 1
3 247991761 366819502 1
3 247991761 727472528 1
3 252629056 393190233 1
3 252629056 457984599 1
3 252629056 3092625141 1
3 254855062 320655939 1
3 254855062 1372786812 1
3 267004350 472552916 1
3 270535444 462104542 1
3 271413771 526463447 1
3 271413771 2463065714 1
3 271413771 2788225609 1
3 272114651 316161690 1
3 272114651 512327871 1
3 272114651 567626521 1
3 272114651 1418775942 1
3 272114651 1616425044 1
3 272114651 2903166449 1
3 272114651 3540252020 1
3 280082481 2196201139 1
3 292777349 768588614 1
3 292777349 855556087 1
3 292777349 1669934971 1
3 292777349 1920598429 1
3 292777349 2162983369 1
3 302353072 342894187 1
3 316161690 342894187 1
3 320655939 342737639 1
3 320655939 376531194 1
3 320655939 1242171468 1
3 320655939 1292439571 1
3 320655939 1924704842 1
3 320655939 2300551194 1
3 320655939 2479977919 1
3 322572436 513051520 1
3 322572436 787484389 1
3 322572436 2383954135 1
3 325265073 487816817 1
3 325265073 500154514 1
3 325265073 768588614 1
3 325265073 800748296 1
3 328440716 2799276557 1
3 340534889 2196201139 1
3 342894187 388105873 1
3 342894187 401710943 1
3 342894187 505214831 1
3 342894187 546488925 1
3 342894187 598925796 1
3 342894187 727472528 1
3 342894187 812079846 1
3 342894187 882947018 1
3 342894187 1016153754 1
3 342894187 1250419446 1
3 342894187 1317689665 1
3 342894187 1710120552 1
3 342894187 1979568403 1
3 342894187 2152799365 1
3 342894187 2321272902 1
3 342894187 2414457033 1
3 342894187 2562154980 1
3 342894187 2707571696 1
3 342894187 2825224526 1
3 358545917 382299304 1
3 358545917 526463447 1
3 358545917 628638850 1
3 358545917 1206885618 1
3 358545917 1561539391 1
3 358545917 1616425044 1
3 358545917 2305879171 1
3 358545917 2596413645 1
3 366819502 393190233 1
3 366819502 727472528 1
3 366819502 1206885618 1
3 366819502 1618641848 1
3 366819502 2596413645 1
3 366819502 2903166449 1
3 375669510 1292439571 1
3 375669510 3092625141 1
3 376531194 565726567 1
3 379962842 534745687 1
3 379962842 570115053 1
3 379962842 900187770 1
3 379962842 939024314 1
3 381308128 565726567 1
3 382299304 546488925 1
3 388105873 1379288282 1
3 393190233 628638850 1
3 393190233 891114542 1
3 393190233 1075460258 1
3 393190233 1242171468 1
3 393190233 1618641848 1
3 393190233 1631841212 1
3 393190233 2562585720 1
3 393190233 2853443310 1
3 393190233 3540252020 1
3 394392730 727472528 1
3 412776430 565726567 1
3 457984599 535554692 1
3 457984599 601189357 1
3 457984599 631437340 1
3 457984599 801698222 1
3 457984599 1075460258 1
3 457984599 1418775942 1
3 457984599 1631841212 1
3 462104542 601189357 1
3 462104542 891114542 1
3 462104542 900187770 1
3 462104542 1206885618 1
3 462104542 1250419446 1
3 462104542 1372786812 1
3 462104542 1631841212 1
3 462104542 2543427014 1
3 462104542 2596413645 1
3 465158270 1379288282 1
3 472552916 767036004 1
3 472552916 1712662747 1
3 472552916 2414457033 1
3 472552916 2463065714 1
3 512327871 3092625141 1
3 526463447 1372786812 1
3 531629036 1292439571 1
3 546488925 2461452080 1
3 552421902 2562585720 1
3 565726567 631437340 1
3 565726567 1242171468 1
3 565726567 2321272902 1
3 567626521 1618641848 1
3 567626521 3540252020 1
3 570115053 2316246829 1
3 598925796 1075460258 1
3 628038157 3092625141 1
3 631437340 1075460258 1
3 631437340 1372786812 1
3 704306828 1372786812 1
3 714947334 1379288282 1
3 718319754 3092625141 1
3 718319754 3179207340 1
3 727472528 2305879171 1
3 767036004 2196201139 1
3 780269431 2196201139 1
3 787484389 1292439571 1
3 812542670 3092625141 1
3 882947018 1379288282 1
3 891114542 1379288282 1
3 913517954 1372786812 1
3 913517954 3540252020 1
3 939024314 1292439571 1
3 1075460258 1476028855 1
3 1075460258 1618641848 1
3 1075460258 1947303967 1
3 1075460258 2825224526 1
3 1075460258 2903166449 1
3 1213293126 3092625141 1
3 1225907048 2723735572 1
3 1292439571 1924704842 1
3 1292439571 2152799365 1
3 1372786812 1379288282 1
3 1616425044 3092625141 1
3 1618641848 2461452080 1
3 1618641848 2903166449 1
3 1618641848 3540252020 1
3 2196201139 2369193094 1
3 2273636460 3540252020 1
3 2461452080 2903166449 1
3 2463065714 2788225609 1
4 428333 759251 1
4 428333 2097571 1
4 428333 14186393 1
4 428333 14577821 1
4 428333 15574237 1
4 428333 15819729 1
4 428333 15827727 1
4 428333 16146535 1
4 428333 17679507 1
4 428333 18644313 1
4 428333 21457771 1
4 428333 22700291 1
4 428333 23237954 1
4 428333 23732681 1
4 428333 24165761 1
4 428333 26067145 1
4 428333 30157391 1
4 428333 30437065 1
4 428333 35525976 1
4 428333 39609732 1
4 428333 42858599 1
4 428333 47554499 1
4 428333 48654466 1
4 428333 53503202 1
4 428333 65786703 1
4 428333 113410319 1
4 428333 134971995 1
4 428333 149283816 1
4 428333 163992822 1
4 428333 180317088 1
4 428333 204195016 1
4 428333 216786228 1
4 428333 239025975 1
4 428333 240697075 1
4 428333 241776425 1
4 428333 242849343 1
4 428333 275942684 1
4 428333 308892843 1
4 428333 319963230 1
4 428333 340534889 1
4 428333 372875229 1
4 428333 392860200 1
4 428333 401710943 1
4 428333 473472787 1
4 428333 486361268 1
4 428333 495602226 1
4 428333 500154514 1
4 428333 546488925 1
4 428333 598925796 1
4 428333 618172850 1
4 428333 621419621 1
4 428333 628038157 1
4 428333 718319754 1
4 428333 761809752 1
4 428333 787774580 1
4 428333 810053322 1
4 428333 834672494 1
4 428333 855556087 1
4 428333 922083786 1
4 428333 948708523 1
4 428333 1098697202 1
4 428333 1476028855 1
4 428333 1947303967 1
4 428333 2156561740 1
4 428333 2181188602 1
4 428333 2202375985 1
4 428333 2305879171 1
4 428333 2376768615 1
4 428333 2403016908 1
4 428333 2414457033 1
4 428333 2463065714 1
4 428333 2575830003 1
4 428333 2597920868 1
4 428333 2608043178 1
4 428333 2795517045 1
4 428333 2897136909 1
4 428333 3023309373 1
4 428333 3141533897 1
4 428333 3179207340 1
4 428333 3532804813 1
4 742143 5402612 1
4 742143 15617333 1
4 742143 108556027 1
4 742143 180317088 1
4 742143 207249457 1
4 742143 240697075 1
4 742143 280082481 1
4 742143 308892843 1
4 742143 542962969 1
4 742143 948708523 1
4 742143 1091104740 1
4 742143 1598812760 1
4 742143 1692174140 1
4 742143 2181188602 1
4 742143 2403016908 1
4 742143 2463065714 1
4 742143 2575830003 1
4 742143 2597920868 1
4 742143 3141533897 1
4 755113 30313925 1
4 759251 15574237 1
4 759251 15617333 1
4 759251 17679507 1
4 759251 22700291 1
4 759251 26067145 1
4 759251 27839828 1
4 759251 30122242 1
4 759251 30157391 1
4 759251 39930604 1
4 759251 42858599 1
4 759251 63144098 1
4 759251 65786703 1
4 759251 89265769 1
4 759251 113410319 1
4 759251 163992822 1
4 759251 200641413 1
4 759251 240697075 1
4 759251 275942684 1
4 759251 319963230 1
4 759251 340534889 1
4 759251 379962842 1
4 759251 392860200 1
4 759251 394392730 1
4 759251 460577661 1
4 759251 621419621 1
4 759251 767036004 1
4 759251 780269431 1
4 759251 801698222 1
4 759251 830035634 1
4 759251 834672494 1
4 759251 855556087 1
4 759251 913225676 1
4 759251 957832087 1
4 759251 1098697202 1
4 759251 1317689665 1
4 759251 1375526088 1
4 759251 1476028855 1
4 759251 1598812760 1
4 759251 1664059166 1
4 759251 1947303967 1
4 759251 2156561740 1
4 759251 2403016908 1
4 759251 2795517045 1
4 759251 2897136909 1
4 759251 3023309373 1
4 759251 3141533897 1
4 759251 3179207340 1
4 759251 3196826180 1
4 759251 4797427108 1
4 759251 4798011916 1
4 807095 14577821 1
4 807095 21196759 1
4 807095 22411875 1
4 807095 39930604 1
4 807095 200641413 1
4 807095 216786228 1
4 807095 244200716 1
4 807095 275942684 1
4 807095 319963230 1
4 807095 392860200 1
4 807095 394392730 1
4 807095 460577661 1
4 807095 621419621 1
4 807095 801698222 1
4 807095 913225676 1
4 807095 948708523 1
4 807095 957832087 1
4 807095 1057356487 1
4 807095 1091104740 1
4 807095 1225907048 1
4 807095 1692174140 1
4 807095 2152799365 1
4 807095 2156561740 1
4 807095 2403016908 1
4 807095 2463065714 1
4 807095 2795517045 1
4 807095 2897136909 1
4 807095 3141533897 1
4 807095 3179207340 1
4 807095 3196826180 1
4 807095 4797427108 1
4 807095 4798011916 1
4 972651 15617333 1
4 972651 54661743 1
4 972651 199056422 1
4 972651 207249457 1
4 972651 340534889 1
4 1367531 12912542 1
4 1367531 18244206 1
4 1367531 21196759 1
4 1367531 21965432 1
4 1367531 22984882 1
4 1367531 34824846 1
4 1367531 37843279 1
4 1367531 67514751 1
4 1367531 74644440 1
4 1367531 113410319 1
4 1367531 176657599 1
4 1367531 194615561 1
4 1367531 204195016 1
4 1367531 270535444 1
4 1367531 302353072 1
4 1367531 505214831 1
4 1367531 532457531 1
4 1367531 542962969 1
4 1367531 628638850 1
4 1367531 704306828 1
4 1367531 801698222 1
4 1367531 812079846 1
4 1367531 939024314 1
4 1367531 1016153754 1
4 1367531 1225907048 1
4 1367531 1317689665 1
4 1367531 1418775942 1
4 1367531 1476028855 1
4 1367531 1631841212 1
4 1367531 2562585720 1
4 1367531 2795517045 1
4 1652541 14186393 1
4 1652541 15108702 1
4 1652541 21196759 1
4 1652541 21457771 1
4 1652541 22700291 1
4 1652541 113410319 1
4 1652541 121812371 1
4 1652541 180317088 1
4 1652541 204195016 1
4 1652541 546488925 1
4 1652541 598925796 1
4 1652541 635745335 1
4 1652541 761809752 1
4 1652541 810053322 1
4 1652541 1476028855 1
4 1652541 1491535328 1
4 1652541 1598812760 1
4 1652541 1944832135 1
4 1652541 1958816220 1
4 1652541 2403016908 1
4 1652541 2463065714 1
4 1652541 2575830003 1
4 1652541 2597920868 1
4 1652541 2795517045 1
4 1652541 2897136909 1
4 1652541 3141533897 1
4 1652541 3196826180 1
4 2467791 16582131 1
4 2467791 29417304 1
4 2467791 39930604 1
4 2467791 392860200 1
4 2467791 761809752 1
4 2467791 957832087 1
4 2467791 2795517045 1
4 2467791 2897136909 1
4 2467791 3532804813 1
4 2557521 14577821 1
4 2557521 15819729 1
4 2557521 15827727 1
4 2557521 16146535 1
4 2557521 21965432 1
4 2557521 39930604 1
4 2557521 42858599 1
4 2557521 163749775 1
4 2557521 163992822 1
4 2557521 199056422 1
4 2557521 200641413 1
4 2557521 308892843 1
4 2557521 319963230 1
4 2557521 473472787 1
4 2557521 621419621 1
4 2557521 801698222 1
4 2557521 810053322 1
4 2557521 3141533897 1
4 2557521 3196826180 1
4 2557521 4798011916 1
4 2836421 18294521 1
4 2836421 260848405 1
4 2836421 330759494 1
4 2836421 621419621 1
4 2836421 635745335 1
4 2836421 2305879171 1
4 2836421 2608043178 1
4 2836421 2795517045 1
4 2836421 3179207340 1
4 2836421 3532804813 1
4 2836421 4797427108 1
4 2883841 14577821 1
4 2883841 15574237 1
4 2883841 60841112 1
4 2883841 163992822 1
4 2883841 216786228 1
4 2883841 247104369 1
4 2883841 392860200 1
4 2883841 473472787 1
4 2883841 834672494 1
4 3108351 180317088 1
4 3108351 308892843 1
4 3108351 1057356487 1
4 3108351 1098697202 1
4 3108351 2403016908 1
4 3108351 3196826180 1
4 5402612 14577821 1
4 5402612 15174190 1
4 5402612 15617333 1
4 5402612 15652824 1
4 5402612 15819729 1
4 5402612 15827727 1
4 5402612 17679507 1
4 5402612 17719592 1
4 5402612 18294521 1
4 5402612 20715638 1
4 5402612 21196759 1
4 5402612 22700291 1
4 5402612 26067145 1
4 5402612 27839828 1
4 5402612 30122242 1
4 5402612 35860455 1
4 5402612 39609732 1
4 5402612 42858599 1
4 5402612 52141764 1
4 5402612 54661743 1
4 5402612 89265769 1
4 5402612 108556027 1
4 5402612 113410319 1
4 5402612 121812371 1
4 5402612 127693283 1
4 5402612 134971995 1
4 5402612 154498853 1
4 5402612 163749775 1
4 5402612 163992822 1
4 5402612 180317088 1
4 5402612 199056422 1
4 5402612 200641413 1
4 5402612 211337962 1
4 5402612 216123608 1
4 5402612 233853114 1
4 5402612 240697075 1
4 5402612 241776425 1
4 5402612 242849343 1
4 5402612 244200716 1
4 5402612 267004350 1
4 5402612 269992592 1
4 5402612 272114651 1
4 5402612 280082481 1
4 5402612 401710943 1
4 5402612 473472787 1
4 5402612 483395237 1
4 5402612 486361268 1
4 5402612 495602226 1
4 5402612 513051520 1
4 5402612 513739938 1
4 5402612 517212934 1
4 5402612 546488925 1
4 5402612 714947334 1
4 5402612 764103254 1
4 5402612 787774580 1
4 5402612 834672494 1
4 5402612 855556087 1
4 5402612 913225676 1
4 5402612 948708523 1
4 5402612 1091104740 1
4 5402612 1098697202 1
4 5402612 1112486646 1
4 5402612 1225907048 1
4 5402612 1375526088 1
4 5402612 1486117886 1
4 5402612 1491535328 1
4 5402612 1598812760 1
4 5402612 1692174140 1
4 5402612 1710120552 1
4 5402612 1920598429 1
4 5402612 1944832135 1
4 5402612 1979568403 1
4 5402612 2152799365 1
4 5402612 2156561740 1
4 5402612 2181188602 1
4 5402612 2202375985 1
4 5402612 2365305244 1
4 5402612 2369193094 1
4 5402612 2376768615 1
4 5402612 2403016908 1
4 5402612 2414457033 1
4 5402612 2463065714 1
4 5402612 2543427014 1
4 5402612 2575830003 1
4 5402612 2597920868 1
4 5402612 2707571696 1
4 5402612 2788225609 1
4 5402612 2828277842 1
4 5402612 2853443310 1
4 5402612 2897136909 1
4 5402612 2904610481 1
4 5402612 3023309373 1
4 5402612 3141533897 1
4 5402612 4797427108 1
4 5402612 4798011916 1
4 6017542 14577821 1
4 6017542 20715638 1
4 6017542 22700291 1
4 6017542 127693283 1
4 6017542 163749775 1
4 6017542 180317088 1
4 6017542 216123608 1
4 6017542 240697075 1
4 6017542 267004350 1
4 6017542 319963230 1
4 6017542 628038157 1
4 6017542 834672494 1
4 6017542 855556087 1
4 6017542 1375526088 1
4 6017542 1920598429 1
4 6017542 1944832135 1
4 6017542 2597920868 1
4 6017542 3023309373 1
4 7744592 8839632 1
4 7744592 14173315 1
4 7744592 15617333 1
4 7744592 30313925 1
4 7744592 319963230 1
4 7744592 618172850 1
4 7744592 1098697202 1
4 7744592 2828277842 1
4 7744592 3023309373 1
4 8936082 15968617 1
4 8936082 16146535 1
4 8936082 18644313 1
4 8936082 47554499 1
4 8936082 134971995 1
4 8936082 176657599 1
4 8936082 239025975 1
4 8936082 330759494 1
4 8936082 495602226 1
4 8936082 513739938 1
4 8936082 768588614 1
4 8936082 780269431 1
4 8936082 957832087 1
4 8936082 1712662747 1
4 8936082 1920598429 1
4 8936082 2463065714 1
4 8936082 2788225609 1
4 8936082 2795517045 1
4 8936082 2897136909 1
4 8936082 3023309373 1
4 8936082 3532804813 1
4 9300262 26067145 1
4 9300262 29048085 1
4 9300262 33410754 1
4 9300262 34824846 1
4 9300262 55004670 1
4 9300262 69190453 1
4 9300262 272114651 1
4 9300262 309686668 1
4 9300262 319963230 1
4 9300262 393190233 1
4 9300262 570115053 1
4 9300262 913517954 1
4 9300262 1317689665 1
4 9300262 1418775942 1
4 9300262 2155220057 1
4 9300262 2321272902 1
4 9300262 2853443310 1
4 9300262 2903166449 1
4 9300262 3196826180 1
4 14075928 14762779 1
4 14075928 15174190 1
4 14075928 15617333 1
4 14075928 18008403 1
4 14075928 22700291 1
4 14075928 24923175 1
4 14075928 30157391 1
4 14075928 35860455 1
4 14075928 57994917 1
4 14075928 74644440 1
4 14075928 141682204 1
4 14075928 158064102 1
4 14075928 190905427 1
4 14075928 240697075 1
4 14075928 260848405 1
4 14075928 276943235 1
4 14075928 330759494 1
4 14075928 377540405 1
4 14075928 381308128 1
4 14075928 392860200 1
4 14075928 567626521 1
4 14075928 598925796 1
4 14075928 635745335 1
4 14075928 714947334 1
4 14075928 767036004 1
4 14075928 1091104740 1
4 14075928 1418775942 1
4 14075928 1476028855 1
4 14075928 1712662747 1
4 14075928 2162983369 1
4 14075928 2181188602 1
4 14075928 2365305244 1
4 14075928 2370908751 1
4 14075928 2463065714 1
4 14075928 2608043178 1
4 14075928 2795517045 1
4 14075928 2897136909 1
4 14075928 3141533897 1
4 14075928 3196826180 1
4 14075928 4798011916 1
4 14138785 35860455 1
4 14138785 2463065714 1
4 14186393 30313925 1
4 14293310 108556027 1
4 14293310 113410319 1
4 14293310 200641413 1
4 14293310 473472787 1
4 14293310 830035634 1
4 14293310 855556087 1
4 14293310 1098697202 1
4 14293310 2904610481 1
4 14293310 4797427108 1
4 14511951 21196759 1
4 14511951 34824846 1
4 14511951 392860200 1
4 14511951 495602226 1
4 14511951 764103254 1
4 14511951 3179207340 1
4 14511951 3532804813 1
4 14577821 15754281 1
4 14577821 30313925 1
4 14577821 163992822 1
4 14669951 18244206 1
4 14669951 20715638 1
4 14669951 21965432 1
4 14669951 22984882 1
4 14669951 26067145 1
4 14669951 33270656 1
4 14669951 58869220 1
4 14669951 74644440 1
4 14669951 146408874 1
4 14669951 375669510 1
4 14669951 412776430 1
4 14669951 601189357 1
4 14669951 628638850 1
4 14669951 714947334 1
4 14669951 718319754 1
4 14669951 1075460258 1
4 14669951 1418775942 1
4 14669951 1944832135 1
4 14669951 2853443310 1
4 14669951 3196826180 1
4 14762779 16664681 1
4 14780915 16146535 1
4 14780915 30157391 1
4 14780915 57994917 1
4 14780915 207249457 1
4 14780915 834672494 1
4 14780915 1317689665 1
4 14780915 2479977919 1
4 14780915 2795517045 1
4 14780915 3532804813 1
4 15108702 18644313 1
4 15108702 29417304 1
4 15108702 49800332 1
4 15108702 89265769 1
4 15108702 199056422 1
4 15108702 269992592 1
4 15108702 276943235 1
4 15108702 513051520 1
4 15108702 913517954 1
4 15108702 1225907048 1
4 15108702 2403016908 1
4 15108702 2463065714 1
4 15108702 2734291692 1
4 15108702 2904610481 1
4 15164565 16146535 1
4 15164565 17561562 1
4 15164565 18644313 1
4 15164565 47554499 1
4 15164565 60841112 1
4 15164565 144402222 1
4 15164565 239025975 1
4 15164565 704306828 1
4 15164565 801698222 1
4 15164565 2373857028 1
4 15164565 2897136909 1
4 15574237 20012204 1
4 15574237 28785486 1
4 15617333 30313925 1
4 15652824 19658826 1
4 15754281 15827727 1
4 15754281 21457771 1
4 15754281 948708523 1
4 15819729 22411875 1
4 15819729 30313925 1
4 15968617 20012204 1
4 15968617 30313925 1
4 16146535 22411875 1
4 16146535 30313925 1
4 16664681 18294521 1
4 16664681 31223236 1
4 16664681 80793585 1
4 16664681 269992592 1
4 16664681 308892843 1
4 16664681 465158270 1
4 16664681 512327871 1
4 16664681 948708523 1
4 16664681 1379288282 1
4 16664681 1692174140 1
4 16664681 2597920868 1
4 16664681 2904610481 1
4 17679507 87416722 1
4 17719592 30313925 1
4 18220818 30313925 1
4 18644313 30313925 1
4 19658826 35860455 1
4 19658826 163992822 1
4 19658826 176657599 1
4 19658826 207249457 1
4 19658826 240697075 1
4 19658826 513051520 1
4 19658826 2463065714 1
4 20012204 29417304 1
4 20012204 144402222 1
4 20012204 163749775 1
4 20012204 764103254 1
4 20012204 2202375985 1
4 20012204 2575830003 1
4 20012204 3023309373 1
4 20012204 3532804813 1
4 20715638 30313925 1
4 21457771 30313925 1
4 22411875 948708523 1
4 22411875 2795517045 1
4 22411875 2897136909 1
4 22411875 3196826180 1
4 22411875 3532804813 1
4 22700291 30313925 1
4 23732681 30313925 1
4 26067145 28785486 1
4 26067145 87416722 1
4 27839828 87416722 1
4 28785486 29417304 1
4 28785486 39609732 1
4 28785486 53503202 1
4 28785486 54661743 1
4 28785486 57994917 1
4 28785486 628038157 1
4 28785486 718319754 1
4 28785486 761809752 1
4 28785486 801698222 1
4 28785486 2373857028 1
4 28785486 4798011916 1
4 29417304 240697075 1
4 29417304 913225676 1
4 29417304 4798011916 1
4 30122242 30313925 1
4 30157391 30313925 1
4 30313925 31223236 1
4 30313925 39609732 1
4 30313925 39930604 1
4 30313925 42858599 1
4 30313925 47554499 1
4 30313925 49800332 1
4 30313925 53503202 1
4 30313925 54661743 1
4 30313925 57994917 1
4 30313925 60841112 1
4 30313925 103245828 1
4 30313925 113410319 1
4 30313925 134971995 1
4 30313925 144402222 1
4 30313925 149283816 1
4 30313925 149751818 1
4 30313925 163749775 1
4 30313925 180317088 1
4 30313925 200641413 1
4 30313925 204195016 1
4 30313925 207249457 1
4 30313925 211337962 1
4 30313925 216123608 1
4 30313925 239025975 1
4 30313925 240697075 1
4 30313925 241776425 1
4 30313925 244200716 1
4 30313925 269992592 1
4 30313925 276943235 1
4 30313925 280082481 1
4 30313925 319963230 1
4 30313925 325265073 1
4 30313925 340534889 1
4 30313925 377540405 1
4 30313925 392860200 1
4 30313925 401710943 1
4 30313925 495602226 1
4 30313925 552421902 1
4 30313925 621419621 1
4 30313925 705564782 1
4 30313925 761809752 1
4 30313925 767036004 1
4 30313925 768588614 1
4 30313925 769702230 1
4 30313925 780269431 1
4 30313925 800748296 1
4 30313925 801698222 1
4 30313925 810053322 1
4 30313925 830035634 1
4 30313925 834672494 1
4 30313925 922083786 1
4 30313925 948708523 1
4 30313925 1057356487 1
4 30313925 1112486646 1
4 30313925 1225907048 1
4 30313925 1920598429 1
4 30313925 1958816220 1
4 30313925 2165707725 1
4 30313925 2369193094 1
4 30313925 2369233345 1
4 30313925 2370908751 1
4 30313925 2373857028 1
4 30313925 2396163398 1
4 30313925 2463065714 1
4 30313925 2479977919 1
4 30313925 2488367000 1
4 30313925 2575830003 1
4 30313925 2597920868 1
4 30313925 2795517045 1
4 30313925 2828277842 1
4 30313925 2897136909 1
4 30313925 3023309373 1
4 30313925 3179207340 1
4 30313925 3196826180 1
4 30313925 4797427108 1
4 30313925 4798011916 1
4 47554499 768588614 1
4 49800332 87416722 1
4 87416722 89265769 1
4 87416722 149751818 1
4 87416722 194615561 1
4 87416722 199056422 1
4 87416722 200641413 1
4 87416722 243844542 1
4 87416722 276943235 1
4 87416722 309686668 1
4 87416722 401710943 1
4 87416722 483395237 1
4 87416722 727472528 1
4 87416722 764103254 1
4 87416722 812079846 1
4 87416722 834672494 1
4 87416722 1091104740 1
4 87416722 1317689665 1
4 87416722 1920598429 1
4 87416722 2202375985 1
4 87416722 2370908751 1
4 87416722 2414457033 1
4 87416722 2463065714 1
4 149283816 216786228 1
4 149913262 2162983369 1
4 2463065714 2788225609 1
