428333 759251
428333 2097571
428333 14186393
428333 14577821
428333 15574237
428333 15819729
428333 15827727
428333 16146535
428333 17679507
428333 18644313
428333 21457771
428333 22700291
428333 23237954
428333 23732681
428333 24165761
428333 26067145
428333 27839828
428333 30157391
428333 30437065
428333 35525976
428333 39609732
428333 42858599
428333 47554499
428333 48654466
428333 53503202
428333 54661743
428333 57775464
428333 65786703
428333 89265769
428333 103245828
428333 108556027
428333 113410319
428333 134971995
428333 141682204
428333 149283816
428333 154498853
428333 163992822
428333 180317088
428333 183901925
428333 199056422
428333 204195016
428333 216786228
428333 239025975
428333 240697075
428333 241776425
428333 242849343
428333 243844542
428333 244200716
428333 252629056
428333 267004350
428333 275942684
428333 276943235
428333 308892843
428333 319963230
428333 324489515
428333 340534889
428333 354694798
428333 372875229
428333 392860200
428333 401710943
428333 473472787
428333 486361268
428333 495602226
428333 500154514
428333 505848389
428333 534745687
428333 546488925
428333 598925796
428333 618172850
428333 621419621
428333 628038157
428333 718319754
428333 761809752
428333 764103254
428333 767036004
428333 787774580
428333 810053322
428333 830035634
428333 834672494
428333 855556087
428333 922083786
428333 948708523
428333 957832087
428333 1098697202
428333 1225907048
428333 1242171468
428333 1476028855
428333 1491535328
428333 1862771521
428333 1947303967
428333 1958816220
428333 1979568403
428333 2156561740
428333 2181188602
428333 2202375985
428333 2305879171
428333 2365305244
428333 2369233345
428333 2373857028
428333 2376768615
428333 2396163398
428333 2403016908
428333 2414457033
428333 2463065714
428333 2479977919
428333 2562154980
428333 2575830003
428333 2597920868
428333 2608043178
428333 2707571696
428333 2723735572
428333 2787938268
428333 2795517045
428333 2828277842
428333 2897136909
428333 3023309373
428333 3141533897
428333 3179207340
428333 3532804813
742143 5402612
742143 15617333
742143 17679507
742143 42858599
742143 48654466
742143 108556027
742143 138901623
742143 154498853
742143 180317088
742143 207249457
742143 211337962
742143 240697075
742143 243844542
742143 280082481
742143 308892843
742143 505848389
742143 542962969
742143 764103254
742143 787774580
742143 830035634
742143 948708523
742143 957832087
742143 1057356487
742143 1091104740
742143 1242171468
742143 1598812760
742143 1692174140
742143 1862771521
742143 1958816220
742143 1979568403
742143 2181188602
742143 2370908751
742143 2376768615
742143 2403016908
742143 2463065714
742143 2543427014
742143 2575830003
742143 2597920868
742143 2943024549
742143 3141533897
755113 15174190
755113 17719592
755113 29417304
755113 30313925
755113 31223236
755113 60841112
755113 216123608
755113 216776631
755113 240697075
755113 260848405
755113 495602226
755113 635745335
755113 1862771521
755113 2608043178
755113 2897136909
755113 3179207340
759251 2097571
759251 14577821
759251 15574237
759251 15617333
759251 15827727
759251 15968617
759251 17679507
759251 18220818
759251 20715638
759251 21965432
759251 22700291
759251 23237954
759251 26067145
759251 27839828
759251 30122242
759251 30157391
759251 35525976
759251 39609732
759251 39930604
759251 42858599
759251 48654466
759251 57994917
759251 63144098
759251 65786703
759251 89265769
759251 97627107
759251 113410319
759251 138901623
759251 163749775
759251 163992822
759251 180317088
759251 200641413
759251 204195016
759251 228134082
759251 240697075
759251 275942684
759251 309686668
759251 319963230
759251 340534889
759251 372875229
759251 379962842
759251 392860200
759251 394392730
759251 460577661
759251 473472787
759251 513739938
759251 534745687
759251 621419621
759251 767036004
759251 780269431
759251 787774580
759251 801698222
759251 830035634
759251 834672494
759251 855556087
759251 913225676
759251 957832087
759251 1098697202
759251 1113983916
759251 1225907048
759251 1317689665
759251 1375526088
759251 1476028855
759251 1491535328
759251 1598812760
759251 1664059166
759251 1862771521
759251 1947303967
759251 1958816220
759251 2156561740
759251 2365305244
759251 2396163398
759251 2403016908
759251 2414457033
759251 2463065714
759251 2597920868
759251 2723735572
759251 2737674672
759251 2743678871
759251 2787938268
759251 2795517045
759251 2897136909
759251 2904610481
759251 3023309373
759251 3141533897
759251 3179207340
759251 3196826180
759251 4797427108
759251 4798011916
807095 14577821
807095 14762779
807095 21196759
807095 22411875
807095 26067145
807095 39930604
807095 42858599
807095 121812371
807095 196220287
807095 200641413
807095 216786228
807095 244200716
807095 275942684
807095 319963230
807095 392860200
807095 394392730
807095 460577661
807095 621419621
807095 801698222
807095 830035634
807095 913225676
807095 948708523
807095 957832087
807095 1057356487
807095 1091104740
807095 1112486646
807095 1113983916
807095 1225907048
807095 1643704652
807095 1664059166
807095 1692174140
807095 1979568403
807095 2152799365
807095 2156561740
807095 2165707725
807095 2181188602
807095 2365305244
807095 2403016908
807095 2463065714
807095 2737674672
807095 2795517045
807095 2897136909
807095 3141533897
807095 3179207340
807095 3196826180
807095 4797427108
807095 4798011916
972651 15617333
972651 18220818
972651 35860455
972651 39930604
972651 54661743
972651 57994917
972651 108556027
972651 120818659
972651 199056422
972651 204195016
972651 207249457
972651 241776425
972651 260848405
972651 280082481
972651 340534889
972651 372875229
972651 465158270
972651 1491535328
972651 1664059166
972651 2300551194
1367531 12912542
1367531 14186393
1367531 14577821
1367531 15617333
1367531 15976697
1367531 17679507
1367531 18244206
1367531 21091983
1367531 21155483
1367531 21196759
1367531 21965432
1367531 22270993
1367531 22984882
1367531 26487169
1367531 26552390
1367531 26643566
1367531 29048085
1367531 32365573
1367531 34824846
1367531 37843279
1367531 42858599
1367531 48654466
1367531 55004670
1367531 65786703
1367531 66037316
1367531 67514751
1367531 74644440
1367531 88014344
1367531 97627107
1367531 110445334
1367531 113410319
1367531 158064102
1367531 159447476
1367531 176657599
1367531 194615561
1367531 204195016
1367531 233853114
1367531 242849343
1367531 243844542
1367531 244200716
1367531 247104369
1367531 252629056
1367531 255236525
1367531 270535444
1367531 276943235
1367531 302353072
1367531 372875229
1367531 375669510
1367531 381308128
1367531 394392730
1367531 412776430
1367531 465158270
1367531 505214831
1367531 513051520
1367531 526463447
1367531 531629036
1367531 532457531
1367531 532547274
1367531 542962969
1367531 570115053
1367531 618172850
1367531 628038157
1367531 628638850
1367531 704306828
1367531 727472528
1367531 801698222
1367531 812079846
1367531 830035634
1367531 855556087
1367531 882947018
1367531 922083786
1367531 939024314
1367531 957832087
1367531 1016153754
1367531 1113983916
1367531 1213293126
1367531 1225907048
1367531 1242171468
1367531 1317689665
1367531 1357779576
1367531 1369986619
1367531 1418775942
1367531 1476028855
1367531 1486117886
1367531 1616425044
1367531 1631841212
1367531 1669934971
1367531 1692174140
1367531 1697561382
1367531 1924704842
1367531 1944832135
1367531 1979568403
1367531 2155220057
1367531 2165707725
1367531 2181188602
1367531 2300551194
1367531 2321272902
1367531 2370908751
1367531 2376768615
1367531 2396163398
1367531 2474620261
1367531 2543427014
1367531 2562154980
1367531 2562585720
1367531 2596413645
1367531 2720901920
1367531 2723735572
1367531 2734291692
1367531 2743678871
1367531 2787938268
1367531 2795517045
1367531 2799276557
1367531 2904610481
1367531 4797427108
1652541 14186393
1652541 15108702
1652541 15652824
1652541 21196759
1652541 21457771
1652541 22700291
1652541 39930604
1652541 48654466
1652541 57994917
1652541 113410319
1652541 121812371
1652541 180317088
1652541 196220287
1652541 199056422
1652541 204195016
1652541 211337962
1652541 243844542
1652541 275942684
1652541 280082481
1652541 324489515
1652541 473472787
1652541 505848389
1652541 517212934
1652541 546488925
1652541 598925796
1652541 635745335
1652541 761809752
1652541 787774580
1652541 810053322
1652541 1057356487
1652541 1071376531
1652541 1113983916
1652541 1476028855
1652541 1491535328
1652541 1598812760
1652541 1669934971
1652541 1692174140
1652541 1944832135
1652541 1958816220
1652541 2365305244
1652541 2370908751
1652541 2403016908
1652541 2463065714
1652541 2488367000
1652541 2575830003
1652541 2597920868
1652541 2676050774
1652541 2737674672
1652541 2787938268
1652541 2788225609
1652541 2795517045
1652541 2799276557
1652541 2897136909
1652541 2943024549
1652541 3141533897
1652541 3196826180
1917731 17561562
1917731 20435808
1917731 26067145
1917731 26552390
1917731 194615561
1917731 486361268
1917731 1206885618
1917731 1242171468
1917731 2155220057
2097571 30437065
2097571 97627107
2097571 113410319
2097571 242849343
2097571 705564782
2097571 787774580
2097571 855556087
2097571 1375526088
2097571 1598812760
2097571 1669934971
2097571 2488367000
2097571 2943024549
2467791 5539902
2467791 15652824
2467791 15968617
2467791 16582131
2467791 18244206
2467791 20435808
2467791 26067145
2467791 29417304
2467791 30157391
2467791 39930604
2467791 42858599
2467791 54661743
2467791 89265769
2467791 120818659
2467791 121812371
2467791 141682204
2467791 144402222
2467791 146408874
2467791 180317088
2467791 196220287
2467791 199056422
2467791 207249457
2467791 239025975
2467791 241776425
2467791 242849343
2467791 247104369
2467791 275942684
2467791 392860200
2467791 460577661
2467791 500154514
2467791 513051520
2467791 517212934
2467791 598925796
2467791 621419621
2467791 705564782
2467791 761809752
2467791 810053322
2467791 855556087
2467791 957832087
2467791 1057356487
2467791 1091104740
2467791 1242171468
2467791 1476028855
2467791 1486117886
2467791 1631841212
2467791 1669934971
2467791 1692174140
2467791 1710120552
2467791 1712662747
2467791 1947303967
2467791 1979568403
2467791 2156561740
2467791 2165707725
2467791 2181188602
2467791 2365305244
2467791 2383954135
2467791 2463065714
2467791 2543427014
2467791 2575830003
2467791 2737674672
2467791 2795517045
2467791 2897136909
2467791 3532804813
2557521 14577821
2557521 15819729
2557521 15827727
2557521 16146535
2557521 21965432
2557521 39930604
2557521 42858599
2557521 163749775
2557521 163992822
2557521 199056422
2557521 200641413
2557521 308892843
2557521 319963230
2557521 473472787
2557521 621419621
2557521 801698222
2557521 810053322
2557521 3141533897
2557521 3196826180
2557521 4798011916
2836421 14173315
2836421 18008403
2836421 18294521
2836421 30437065
2836421 35860455
2836421 196220287
2836421 242849343
2836421 260848405
2836421 330759494
2836421 621419621
2836421 635745335
2836421 780269431
2836421 1486117886
2836421 2305879171
2836421 2608043178
2836421 2723735572
2836421 2788225609
2836421 2795517045
2836421 3179207340
2836421 3532804813
2836421 4797427108
2883841 14577821
2883841 15574237
2883841 30437065
2883841 60841112
2883841 97627107
2883841 103245828
2883841 163992822
2883841 216786228
2883841 247104369
2883841 324489515
2883841 354694798
2883841 392860200
2883841 473472787
2883841 764103254
2883841 834672494
2883841 1113983916
2883841 2743678871
3108351 15617333
3108351 17561562
3108351 21457771
3108351 26067145
3108351 35525976
3108351 35860455
3108351 39609732
3108351 88014344
3108351 97627107
3108351 103245828
3108351 113410319
3108351 163992822
3108351 180317088
3108351 199056422
3108351 207249457
3108351 239025975
3108351 242849343
3108351 243844542
3108351 252629056
3108351 308892843
3108351 354694798
3108351 460577661
3108351 534745687
3108351 621419621
3108351 705564782
3108351 855556087
3108351 1057356487
3108351 1071376531
3108351 1098697202
3108351 1250419446
3108351 1317689665
3108351 1486117886
3108351 1491535328
3108351 1598812760
3108351 1669934971
3108351 1692174140
3108351 1979568403
3108351 2370908751
3108351 2403016908
3108351 2414457033
3108351 2462213766
3108351 2463065714
3108351 2723735572
3108351 2737674672
3108351 2787938268
3108351 2795517045
3108351 2943024549
3108351 3196826180
5402612 14577821
5402612 15174190
5402612 15617333
5402612 15652824
5402612 15819729
5402612 15827727
5402612 17679507
5402612 17719592
5402612 18294521
5402612 20715638
5402612 21196759
5402612 22700291
5402612 26067145
5402612 27839828
5402612 30122242
5402612 30157391
5402612 35860455
5402612 39609732
5402612 42858599
5402612 46822887
5402612 48654466
5402612 49800332
5402612 52141764
5402612 54661743
5402612 68760726
5402612 89265769
5402612 108556027
5402612 113410319
5402612 121812371
5402612 127693283
5402612 134971995
5402612 149283816
5402612 154498853
5402612 163749775
5402612 163992822
5402612 180317088
5402612 199056422
5402612 200641413
5402612 211337962
5402612 216123608
5402612 233853114
5402612 240697075
5402612 241776425
5402612 242849343
5402612 243844542
5402612 244200716
5402612 267004350
5402612 269992592
5402612 272114651
5402612 276943235
5402612 280082481
5402612 401710943
5402612 473472787
5402612 483395237
5402612 486361268
5402612 495602226
5402612 505848389
5402612 513051520
5402612 513739938
5402612 517212934
5402612 546488925
5402612 714947334
5402612 764103254
5402612 787774580
5402612 834672494
5402612 855556087
5402612 913225676
5402612 948708523
5402612 1091104740
5402612 1098697202
5402612 1112486646
5402612 1225907048
5402612 1375526088
5402612 1486117886
5402612 1491535328
5402612 1598812760
5402612 1692174140
5402612 1710120552
5402612 1920598429
5402612 1944832135
5402612 1979568403
5402612 2152799365
5402612 2156561740
5402612 2181188602
5402612 2202375985
5402612 2365305244
5402612 2369193094
5402612 2376768615
5402612 2403016908
5402612 2414457033
5402612 2463065714
5402612 2543427014
5402612 2575830003
5402612 2597920868
5402612 2707571696
5402612 2737674672
5402612 2787938268
5402612 2788225609
5402612 2795517045
5402612 2828277842
5402612 2853443310
5402612 2897136909
5402612 2904610481
5402612 2943024549
5402612 3023309373
5402612 3141533897
5402612 4797427108
5402612 4798011916
5539902 15438913
5539902 15754281
5539902 15976697
5539902 16973333
5539902 17004618
5539902 19038934
5539902 22844997
5539902 53429839
5539902 149913262
5539902 180887271
5695632 15574237
5695632 30437065
5695632 354694798
5695632 705564782
5695632 761809752
5695632 922083786
5695632 1712662747
5695632 2165707725
5695632 2365305244
5695632 2463065714
6017542 14577821
6017542 14762779
6017542 15652824
6017542 16146535
6017542 20715638
6017542 21091983
6017542 21457771
6017542 22700291
6017542 26067145
6017542 30157391
6017542 32365573
6017542 35860455
6017542 48654466
6017542 55004670
6017542 58966831
6017542 127693283
6017542 138901623
6017542 156743986
6017542 163749775
6017542 163992822
6017542 180317088
6017542 196220287
6017542 199056422
6017542 200641413
6017542 216123608
6017542 240697075
6017542 243844542
6017542 267004350
6017542 275942684
6017542 280082481
6017542 308892843
6017542 309686668
6017542 319963230
6017542 381308128
6017542 483395237
6017542 505848389
6017542 567626521
6017542 570115053
6017542 628038157
6017542 834672494
6017542 855556087
6017542 1250419446
6017542 1375526088
6017542 1631841212
6017542 1664059166
6017542 1669934971
6017542 1920598429
6017542 1944832135
6017542 1979568403
6017542 2156561740
6017542 2181188602
6017542 2365305244
6017542 2488367000
6017542 2597920868
6017542 2787938268
6017542 2828277842
6017542 3023309373
6267962 15968617
6267962 108556027
6267962 260848405
6267962 316161690
6267962 727472528
6267962 1112486646
6267962 1712662747
6267962 2414457033
6267962 2463065714
6433472 15827727
6433472 16146535
6433472 18999969
6433472 19038934
6433472 19888921
6433472 39609732
6433472 49800332
6433472 55004670
6433472 60841112
6433472 68760726
6433472 154498853
6433472 159447476
6433472 163992822
6433472 180887271
6433472 199056422
6433472 200641413
6433472 204195016
6433472 243844542
6433472 247104369
6433472 252629056
6433472 483395237
6433472 500154514
6433472 513739938
6433472 517212934
6433472 534745687
6433472 598925796
6433472 769702230
6433472 922083786
6433472 1357779576
6433472 1369986619
6433472 1375526088
6433472 1491535328
6433472 1697561382
6433472 1979568403
6433472 2202375985
6433472 2300551194
6433472 2414457033
6433472 2463065714
6433472 2737674672
6433472 2743678871
6433472 2787938268
7744592 8839632
7744592 14173315
7744592 15617333
7744592 30313925
7744592 319963230
7744592 618172850
7744592 830035634
7744592 1098697202
7744592 2828277842
7744592 3023309373
7900962 17719592
7900962 31223236
7900962 74644440
7900962 216123608
7900962 260848405
7900962 267004350
7900962 495602226
7900962 913225676
7900962 1712662747
7900962 1920598429
7900962 2305879171
7900962 2461452080
7900962 2608043178
7900962 2897136909
8839632 14186393
8839632 22700291
8839632 57994917
8839632 97627107
8839632 103245828
8839632 138901623
8839632 183901925
8839632 834672494
8839632 1664059166
8839632 1944832135
8839632 2369233345
8839632 2463065714
8936082 15968617
8936082 16146535
8936082 18644313
8936082 47554499
8936082 134971995
8936082 176657599
8936082 239025975
8936082 330759494
8936082 495602226
8936082 513739938
8936082 768588614
8936082 780269431
8936082 957832087
8936082 1712662747
8936082 1920598429
8936082 1979568403
8936082 2463065714
8936082 2743678871
8936082 2788225609
8936082 2795517045
8936082 2897136909
8936082 3023309373
8936082 3532804813
9228382 16582131
9228382 17719592
9228382 47554499
9228382 49800332
9228382 108556027
9228382 144402222
9228382 239025975
9228382 500154514
9228382 513739938
9228382 635745335
9228382 800748296
9228382 898260326
9228382 2414457033
9228382 2463065714
9300262 26067145
9300262 29048085
9300262 33410754
9300262 34824846
9300262 55004670
9300262 69190453
9300262 272114651
9300262 309686668
9300262 319963230
9300262 393190233
9300262 570115053
9300262 913517954
9300262 1317689665
9300262 1418775942
9300262 2155220057
9300262 2321272902
9300262 2853443310
9300262 2903166449
9300262 3196826180
9763482 14762779
9763482 17561562
9763482 21091983
9763482 21196759
9763482 23732681
9763482 48141381
9763482 621419621
9763482 812079846
9763482 1944832135
9763482 1979568403
9763482 2474620261
12912542 17679507
12912542 25073877
12912542 130294479
12912542 190905427
12912542 358545917
12912542 1125937411
12912542 1379288282
14075928 14762779
14075928 15174190
14075928 15617333
14075928 18008403
14075928 22700291
14075928 24923175
14075928 30157391
14075928 35860455
14075928 57994917
14075928 74644440
14075928 141682204
14075928 158064102
14075928 190905427
14075928 240697075
14075928 260848405
14075928 276943235
14075928 330759494
14075928 377540405
14075928 381308128
14075928 392860200
14075928 534745687
14075928 567626521
14075928 598925796
14075928 635745335
14075928 714947334
14075928 767036004
14075928 1091104740
14075928 1418775942
14075928 1476028855
14075928 1712662747
14075928 2162983369
14075928 2181188602
14075928 2365305244
14075928 2370908751
14075928 2463065714
14075928 2608043178
14075928 2795517045
14075928 2897136909
14075928 3141533897
14075928 3196826180
14075928 4798011916
14138785 16343974
14138785 35860455
14138785 48654466
14138785 211337962
14138785 252629056
14138785 505848389
14138785 1491535328
14138785 1979568403
14138785 2202375985
14138785 2463065714
14173315 15827727
14173315 16146535
14173315 18220818
14173315 19888921
14173315 20715638
14173315 30122242
14173315 31223236
14173315 42858599
14173315 54661743
14173315 57994917
14173315 97627107
14173315 108556027
14173315 113410319
14173315 138901623
14173315 149751818
14173315 154498853
14173315 163749775
14173315 183901925
14173315 196220287
14173315 216786228
14173315 252629056
14173315 269992592
14173315 276943235
14173315 324489515
14173315 340534889
14173315 366819502
14173315 372875229
14173315 394392730
14173315 473472787
14173315 486361268
14173315 505848389
14173315 513051520
14173315 513739938
14173315 517212934
14173315 532547274
14173315 570115053
14173315 705564782
14173315 761809752
14173315 769702230
14173315 787774580
14173315 800748296
14173315 810053322
14173315 834672494
14173315 913225676
14173315 922083786
14173315 1098697202
14173315 1112486646
14173315 1113983916
14173315 1491535328
14173315 1664059166
14173315 1669934971
14173315 1712662747
14173315 1958816220
14173315 1979568403
14173315 2155220057
14173315 2202375985
14173315 2300551194
14173315 2369233345
14173315 2396163398
14173315 2463065714
14173315 2471421697
14173315 2723735572
14173315 2788225609
14173315 2795517045
14173315 2828277842
14173315 2943024549
14186393 17004618
14186393 19038934
14186393 30313925
14186393 48956231
14186393 51241574
14186393 472552916
14293310 17561562
14293310 18294521
14293310 97627107
14293310 103245828
14293310 108556027
14293310 113410319
14293310 138901623
14293310 200641413
14293310 243844542
14293310 473472787
14293310 830035634
14293310 855556087
14293310 1098697202
14293310 1113983916
14293310 1643704652
14293310 2156561740
14293310 2376768615
14293310 2904610481
14293310 4797427108
14319981 15652824
14319981 18008403
14319981 21457771
14319981 35860455
14319981 50948136
14319981 120818659
14319981 199056422
14319981 780269431
14319981 939024314
14319981 1862771521
14319981 2383954135
14511951 14762779
14511951 15574237
14511951 21196759
14511951 23732681
14511951 29417304
14511951 30437065
14511951 34824846
14511951 39930604
14511951 42858599
14511951 60841112
14511951 154498853
14511951 196220287
14511951 243844542
14511951 244200716
14511951 276943235
14511951 308892843
14511951 324489515
14511951 392860200
14511951 401710943
14511951 495602226
14511951 764103254
14511951 801698222
14511951 1098697202
14511951 1664059166
14511951 1692174140
14511951 1924704842
14511951 1958816220
14511951 2165707725
14511951 2365305244
14511951 2369193094
14511951 2383954135
14511951 2676050774
14511951 2743678871
14511951 3179207340
14511951 3196826180
14511951 3532804813
14577821 15754281
14577821 30313925
14577821 64643056
14577821 163992822
14669951 18244206
14669951 18294521
14669951 20715638
14669951 21965432
14669951 22984882
14669951 23237954
14669951 26067145
14669951 33270656
14669951 33611715
14669951 48654466
14669951 58869220
14669951 68760726
14669951 74644440
14669951 127693283
14669951 146408874
14669951 233853114
14669951 270535444
14669951 375669510
14669951 379962842
14669951 382299304
14669951 394392730
14669951 412776430
14669951 483395237
14669951 526463447
14669951 532457531
14669951 534745687
14669951 542962969
14669951 601189357
14669951 618172850
14669951 628638850
14669951 714947334
14669951 718319754
14669951 1075460258
14669951 1242171468
14669951 1317689665
14669951 1418775942
14669951 1476028855
14669951 1486117886
14669951 1631841212
14669951 1944832135
14669951 2562585720
14669951 2734291692
14669951 2795517045
14669951 2853443310
14669951 3196826180
14762779 16664681
14762779 16973333
14762779 17469289
14780915 16146535
14780915 30157391
14780915 57994917
14780915 207249457
14780915 834672494
14780915 1317689665
14780915 2479977919
14780915 2795517045
14780915 3532804813
14849562 15652824
14849562 16582131
14849562 17719592
14849562 49800332
14849562 53429839
14849562 54661743
14849562 57775464
14849562 134971995
14849562 149751818
14849562 183901925
14849562 199056422
14849562 239025975
14849562 269992592
14849562 354694798
14849562 472552916
14849562 627830911
14849562 768588614
14849562 834672494
14849562 898260326
14849562 1112486646
14849562 1712662747
14849562 2369193094
14849562 2369233345
14849562 2463065714
14849562 2734291692
14849562 2795517045
15012486 15574237
15012486 15819729
15012486 16146535
15012486 48654466
15012486 66037316
15012486 97627107
15012486 103245828
15012486 199056422
15012486 207249457
15012486 243844542
15012486 247104369
15012486 354694798
15012486 392860200
15012486 460577661
15012486 517212934
15012486 761809752
15012486 769702230
15012486 1071376531
15012486 1113983916
15012486 1225907048
15012486 1476028855
15012486 1491535328
15012486 1664059166
15012486 1669934971
15012486 1979568403
15012486 2396163398
15012486 2463065714
15012486 2787938268
15012486 2795517045
15012486 2828277842
15108702 18644313
15108702 29417304
15108702 49800332
15108702 89265769
15108702 199056422
15108702 269992592
15108702 276943235
15108702 513051520
15108702 913517954
15108702 1225907048
15108702 2403016908
15108702 2463065714
15108702 2734291692
15108702 2904610481
15164565 16146535
15164565 17561562
15164565 18644313
15164565 47554499
15164565 48956231
15164565 57994917
15164565 60841112
15164565 144402222
15164565 239025975
15164565 392860200
15164565 704306828
15164565 801698222
15164565 1862771521
15164565 2181188602
15164565 2305879171
15164565 2373857028
15164565 2376768615
15164565 2897136909
15164565 2943024549
15174190 16172991
15174190 28785486
15174190 29417304
15174190 53429839
15174190 213291472
15174190 472552916
15174190 1920598429
15438913 20715638
15438913 21155483
15438913 27839828
15438913 30644500
15438913 48654466
15438913 121812371
15438913 241776425
15438913 252629056
15438913 254855062
15438913 324489515
15438913 342737639
15438913 598925796
15438913 801698222
15438913 812079846
15438913 855556087
15438913 900187770
15438913 1113983916
15438913 1476028855
15438913 1486117886
15438913 1862771521
15438913 2152799365
15438913 2155220057
15438913 2162983369
15438913 2181188602
15438913 2321272902
15438913 2365305244
15438913 2463065714
15438913 2825224526
15574237 17469289
15574237 20012204
15574237 28785486
15574237 180887271
15574237 2196201139
15617333 30313925
15652824 16664681
15652824 16973333
15652824 19658826
15652824 51241574
15669672 22984882
15669672 30644500
15669672 74644440
15669672 176657599
15669672 252629056
15669672 316161690
15669672 375669510
15669672 382299304
15669672 535554692
15669672 812079846
15669672 812542670
15669672 1206885618
15669672 1561539391
15669672 1697561382
15669672 1924704842
15669672 1947303967
15669672 2155220057
15669672 2720901920
15739391 67514751
15739391 158064102
15739391 159447476
15739391 270535444
15739391 388105873
15739391 394392730
15739391 552421902
15739391 1418775942
15739391 1616425044
15739391 2562154980
15739391 2720901920
15739391 2795517045
15754281 15827727
15754281 21457771
15754281 35860455
15754281 141682204
15754281 252629056
15754281 270535444
15754281 542962969
15754281 598925796
15754281 628038157
15754281 913225676
15754281 948708523
15754281 957832087
15754281 1375526088
15754281 1476028855
15754281 1486117886
15754281 1862771521
15754281 2156561740
15754281 2165707725
15754281 2370908751
15754281 2575830003
15754281 2743678871
15754281 2904610481
15819729 22411875
15819729 24165761
15819729 30313925
15819729 42921216
15827727 19038934
15827727 51241574
15968617 16711026
15968617 20012204
15968617 30313925
15968617 42921216
15968617 51241574
15968617 219937434
15976697 199056422
15976697 247991761
15976697 270535444
15976697 302353072
15976697 372875229
15976697 465158270
15976697 505214831
15976697 532457531
15976697 630717039
15976697 631437340
15976697 714947334
15976697 812542670
15976697 913517954
15976697 1091104740
15976697 1476028855
15976697 2543427014
15976697 2795517045
16146535 18999969
16146535 22411875
16146535 30313925
16146535 42921216
16146535 93879982
16146535 179732982
16146535 219937434
16146535 472552916
16146535 635745335
16146535 1377719425
16172991 18220818
16172991 24165761
16172991 27839828
16172991 60841112
16172991 401710943
16172991 812542670
16172991 898260326
16172991 1112486646
16172991 2463065714
16343974 21155483
16343974 23732681
16343974 27839828
16343974 48654466
16343974 207249457
16343974 379962842
16343974 787774580
16343974 1113983916
16343974 1664059166
16343974 1979568403
16343974 2463065714
16343974 2488367000
16552921 22984882
16552921 35525976
16552921 48141381
16552921 60113766
16552921 80793585
16552921 91882544
16552921 270535444
16552921 342894187
16552921 532547274
16552921 812079846
16552921 1213293126
16552921 1242171468
16552921 1418775942
16552921 2562585720
16552921 2596413645
16582131 42921216
16582131 63144098
16582131 93879982
16582131 156743986
16582131 219937434
16582131 487816817
16664681 18294521
16664681 31223236
16664681 80793585
16664681 134971995
16664681 269992592
16664681 308892843
16664681 324489515
16664681 465158270
16664681 512327871
16664681 948708523
16664681 1225907048
16664681 1379288282
16664681 1692174140
16664681 2365305244
16664681 2463065714
16664681 2597920868
16664681 2795517045
16664681 2904610481
16711026 18008403
16711026 53503202
16711026 93879982
16711026 241776425
16711026 500154514
16711026 800748296
16711026 2165707725
16711026 2463065714
16887175 27839828
16887175 30157391
16887175 163992822
16887175 309686668
16887175 328440716
16887175 392860200
16887175 855556087
16887175 1071376531
16887175 1979568403
16887175 2365305244
16887175 2463065714
16887175 2788225609
16973333 17679507
16973333 30437065
16973333 42858599
16973333 68760726
16973333 103245828
16973333 163992822
16973333 276943235
16973333 324489515
16973333 328440716
16973333 483395237
16973333 517212934
16973333 787774580
16973333 922083786
16973333 1057356487
16973333 1113983916
16973333 1924704842
16973333 1958816220
16973333 1979568403
16973333 2365305244
16973333 2463065714
16973333 2471421697
16973333 2488367000
16973333 2734291692
16973333 2787938268
16973333 2799276557
17004618 30157391
17004618 66037316
17004618 103245828
17004618 120818659
17004618 121812371
17004618 199056422
17004618 211337962
17004618 714947334
17004618 2463065714
17004618 2795517045
17469289 22844997
17469289 141682204
17469289 255236525
17469289 621419621
17469289 801698222
17469289 810053322
17469289 1016153754
17469289 1664059166
17469289 2543427014
17469289 2562154980
17469289 2676050774
17494767 18294521
17494767 35216399
17494767 43182702
17494767 166990746
17494767 168541923
17494767 208083510
17494767 1242171468
17494767 1379288282
17494767 2316246829
17561562 47739450
17561562 141682204
17561562 1292439571
17679507 87416722
17679507 93637779
17679507 149913262
17679507 320655939
17719592 29417304
17719592 30313925
17719592 944425148
17719592 1377719425
18008403 29417304
18008403 42921216
18008403 213291472
18008403 944425148
18008403 1377719425
18008403 2196201139
18220818 18999969
18220818 19038934
18220818 24165761
18220818 29417304
18220818 30313925
18220818 271413771
18220818 292777349
18244206 37984883
18244206 47739450
18244206 48956231
18244206 342894187
18244206 1091104740
18294521 21091983
18294521 35216399
18294521 37984883
18294521 67514751
18294521 69190453
18294521 141682204
18294521 176657599
18294521 270535444
18294521 388105873
18294521 512327871
18294521 531629036
18294521 546488925
18294521 598925796
18294521 704306828
18294521 787484389
18294521 812079846
18294521 882947018
18294521 1561539391
18294521 1710120552
18294521 1979568403
18294521 2562154980
18643437 20715638
18643437 21091983
18643437 52141764
18643437 80793585
18643437 247991761
18643437 375669510
18643437 546488925
18643437 1561539391
18643437 1631841212
18643437 2305879171
18643437 2471421697
18644313 28785486
18644313 29417304
18644313 30313925
18644313 42921216
18644313 325265073
18999969 26552390
18999969 27839828
18999969 30644500
18999969 66037316
18999969 154498853
18999969 199056422
18999969 241776425
18999969 254855062
18999969 270535444
18999969 376531194
18999969 486361268
18999969 505214831
18999969 787484389
18999969 812079846
18999969 1071376531
18999969 1369986619
18999969 1697561382
18999969 1712662747
18999969 2202375985
18999969 2463065714
18999969 2543427014
18999969 2825224526
19038934 26552390
19038934 68760726
19038934 74644440
19038934 89265769
19038934 134971995
19038934 154498853
19038934 199056422
19038934 247104369
19038934 269992592
19038934 270535444
19038934 532547274
19038934 598925796
19038934 727472528
19038934 922083786
19038934 1491535328
19038934 2414457033
19038934 2463065714
19658826 35860455
19658826 163992822
19658826 176657599
19658826 207249457
19658826 240697075
19658826 513051520
19658826 2463065714
19888921 43182702
19888921 121656624
19888921 130294479
19888921 208083510
19888921 219937434
19888921 1125937411
19888921 1379288282
20012204 29417304
20012204 144402222
20012204 163749775
20012204 764103254
20012204 2202375985
20012204 2575830003
20012204 3023309373
20012204 3532804813
20435808 26643566
20435808 64643056
20435808 91882544
20435808 156743986
20435808 168541923
20435808 252629056
20435808 342737639
20435808 457984599
20435808 601189357
20435808 1379288282
20435808 2461452080
20715638 30313925
20715638 64643056
21091983 21426342
21091983 26487169
21091983 35216399
21091983 65493023
21091983 91882544
21091983 130294479
21091983 168541923
21091983 208083510
21091983 249219716
21091983 379962842
21091983 1125937411
21091983 1292439571
21091983 1379288282
21091983 2273636460
21155483 22844997
21155483 28785486
21155483 51241574
21155483 57775464
21155483 93637779
21155483 166990746
21155483 219937434
21155483 356434482
21155483 462104542
21196759 87818409
21196759 271413771
21426342 22270993
21426342 29048085
21426342 32365573
21426342 33611715
21426342 55004670
21426342 67514751
21426342 91882544
21426342 159447476
21426342 208083510
21426342 228134082
21426342 372875229
21426342 1125937411
21426342 1643704652
21426342 2474620261
21457771 28785486
21457771 30313925
21965432 35216399
21965432 190905427
21965432 1379288282
21965432 2546562188
22270993 43182702
22270993 50769180
22270993 60113766
22270993 91882544
22270993 168541923
22270993 208083510
22270993 219937434
22270993 457984599
22270993 954124423
22270993 1125937411
22270993 1379288282
22270993 2316246829
22270993 2596413645
22411875 948708523
22411875 2795517045
22411875 2897136909
22411875 3196826180
22411875 3532804813
22700291 30313925
22844997 24923175
22844997 34824846
22844997 120818659
22844997 394392730
22844997 1697561382
22844997 1947303967
22984882 91882544
22984882 166990746
22984882 237403203
22984882 249219716
23237954 26487169
23237954 26643566
23237954 237403203
23237954 342737639
23237954 1379288282
23732681 29417304
23732681 30313925
23732681 279390084
23732681 635745335
24165761 39930604
24165761 49800332
24165761 134971995
24165761 247104369
24165761 834672494
24165761 1113983916
24165761 2471421697
24506246 39609732
24506246 49800332
24506246 134971995
24506246 144402222
24506246 154498853
24506246 239025975
24506246 242849343
24506246 275942684
24506246 328440716
24506246 376531194
24506246 401710943
24506246 500154514
24506246 705564782
24506246 769702230
24506246 1979568403
24506246 2165707725
24506246 2383954135
24506246 2463065714
24923175 74644440
24923175 146408874
24923175 180887271
24923175 394392730
24923175 535554692
24923175 618172850
24923175 727472528
24923175 2734291692
24923175 3092625141
25073877 27839828
25073877 35525976
25073877 88014344
25073877 97627107
25073877 247991761
25073877 252629056
25073877 254855062
25073877 316161690
25073877 376531194
25073877 382299304
25073877 526463447
25073877 714947334
25073877 812079846
25073877 939024314
25073877 1242171468
25073877 1369986619
25073877 1418775942
25073877 1664059166
25073877 1924704842
25073877 1979568403
25073877 2162983369
25073877 2707571696
26067145 28785486
26067145 51241574
26067145 87416722
26067145 110445334
26067145 292777349
26487169 27839828
26487169 33270656
26487169 35525976
26487169 64008841
26487169 146408874
26487169 158064102
26487169 228134082
26487169 272114651
26487169 366819502
26487169 376531194
26487169 382299304
26487169 598925796
26487169 714947334
26487169 812079846
26487169 882947018
26487169 891114542
26487169 1206885618
26487169 1418775942
26487169 1476028855
26487169 1561539391
26487169 1631841212
26487169 1924704842
26487169 2305879171
26487169 2720901920
26552390 43182702
26552390 166990746
26552390 342894187
26552390 1379288282
26643566 55004670
26643566 67514751
26643566 176657599
26643566 505214831
26643566 718319754
26643566 787484389
26643566 812079846
26643566 1372786812
26643566 1418775942
26643566 1643704652
26643566 2162983369
26643566 2825224526
26643566 2853443310
26900055 33410754
26900055 33529092
26900055 33611715
26900055 65786703
26900055 69190453
26900055 208083510
26900055 270535444
26900055 366819502
26900055 393190233
26900055 465158270
26900055 567626521
26900055 570115053
26900055 601189357
26900055 787484389
26900055 891114542
26900055 1075460258
26900055 1372786812
26900055 1618641848
26900055 1631841212
26900055 2903166449
26900055 3540252020
27839828 87416722
27839828 93637779
27839828 271413771
27839828 342737639
27839828 342894187
27839828 457984599
27839828 627830911
27839828 1125937411
28785486 29417304
28785486 30157391
28785486 30437065
28785486 39609732
28785486 42858599
28785486 53503202
28785486 54661743
28785486 57994917
28785486 60841112
28785486 154498853
28785486 163749775
28785486 180317088
28785486 199056422
28785486 204195016
28785486 211337962
28785486 216123608
28785486 239025975
28785486 252629056
28785486 280082481
28785486 308892843
28785486 340534889
28785486 354694798
28785486 486361268
28785486 505848389
28785486 621419621
28785486 628038157
28785486 718319754
28785486 761809752
28785486 764103254
28785486 768588614
28785486 801698222
28785486 922083786
28785486 1016153754
28785486 1071376531
28785486 1113983916
28785486 1213293126
28785486 1375526088
28785486 1598812760
28785486 1664059166
28785486 1669934971
28785486 1979568403
28785486 2162983369
28785486 2365305244
28785486 2370908751
28785486 2373857028
28785486 2376768615
28785486 2396163398
28785486 2414457033
28785486 2723735572
28785486 2743678871
28785486 2799276557
28785486 2904610481
28785486 4798011916
29048085 43182702
29048085 64643056
29048085 168541923
29048085 249219716
29048085 457984599
29048085 627830911
29048085 1125937411
29048085 2316246829
29048085 2461452080
29417304 49800332
29417304 60841112
29417304 134971995
29417304 149751818
29417304 239025975
29417304 240697075
29417304 280082481
29417304 377540405
29417304 487816817
29417304 635745335
29417304 769702230
29417304 800748296
29417304 834672494
29417304 898260326
29417304 913225676
29417304 2369193094
29417304 2463065714
29417304 4798011916
30122242 30313925
30122242 64643056
30122242 342894187
30122242 1125937411
30122242 1379288282
30157391 30313925
30313925 31223236
30313925 39609732
30313925 39930604
30313925 42858599
30313925 47554499
30313925 49800332
30313925 53503202
30313925 54661743
30313925 57994917
30313925 60841112
30313925 103245828
30313925 113410319
30313925 134971995
30313925 144402222
30313925 149283816
30313925 149751818
30313925 163749775
30313925 180317088
30313925 200641413
30313925 204195016
30313925 207249457
30313925 211337962
30313925 216123608
30313925 239025975
30313925 240697075
30313925 241776425
30313925 244200716
30313925 269992592
30313925 276943235
30313925 280082481
30313925 319963230
30313925 325265073
30313925 340534889
30313925 377540405
30313925 392860200
30313925 401710943
30313925 495602226
30313925 552421902
30313925 621419621
30313925 705564782
30313925 761809752
30313925 767036004
30313925 768588614
30313925 769702230
30313925 780269431
30313925 800748296
30313925 801698222
30313925 810053322
30313925 830035634
30313925 834672494
30313925 922083786
30313925 948708523
30313925 1057356487
30313925 1112486646
30313925 1225907048
30313925 1920598429
30313925 1958816220
30313925 2165707725
30313925 2369193094
30313925 2369233345
30313925 2370908751
30313925 2373857028
30313925 2396163398
30313925 2463065714
30313925 2479977919
30313925 2488367000
30313925 2575830003
30313925 2597920868
30313925 2795517045
30313925 2828277842
30313925 2897136909
30313925 3023309373
30313925 3179207340
30313925 3196826180
30313925 4797427108
30313925 4798011916
30437065 216776631
30644500 58966831
30644500 65493023
30644500 130294479
30644500 168541923
30644500 342737639
30644500 342894187
30644500 469194846
30644500 1379288282
31223236 213291472
31223236 216776631
31223236 2196201139
32365573 51241574
32365573 60113766
32365573 91882544
32365573 1125937411
32365573 1379288282
33270656 196168350
33270656 208083510
33270656 272395158
33270656 457984599
33270656 1379288282
33270656 3092625141
33410754 60113766
33410754 272114651
33410754 393190233
33410754 462104542
33410754 1075460258
33410754 1372786812
33529092 168541923
33529092 208083510
33529092 322572436
33529092 372875229
33529092 393190233
33529092 567626521
33529092 3540252020
33611715 43182702
33611715 48956231
33611715 58966831
33611715 166990746
33611715 208083510
33611715 249219716
33611715 342737639
33611715 379962842
33611715 565726567
33611715 1125937411
34824846 65493023
34824846 91882544
34824846 219937434
34824846 727472528
35216399 55004670
35216399 58966831
35216399 64008841
35216399 159447476
35216399 233853114
35216399 381308128
35216399 532547274
35216399 570115053
35216399 631437340
35216399 812079846
35216399 1016153754
35216399 1059240924
35216399 1242171468
35216399 2273636460
35216399 2474620261
35525976 48956231
35525976 627830911
35860455 944425148
37843279 48956231
37843279 57775464
37843279 64643056
37843279 65493023
37843279 149913262
37843279 954124423
37843279 1379288282
37984883 50769180
37984883 91882544
37984883 93637779
37984883 149913262
37984883 168541923
37984883 237403203
37984883 272395158
39609732 48956231
39609732 93879982
39609732 134971995
39609732 149283816
39609732 292777349
39609732 487816817
39609732 768588614
39930604 51241574
42921216 53503202
42921216 60841112
42921216 108556027
42921216 144402222
42921216 239025975
42921216 241776425
42921216 330759494
42921216 354694798
42921216 500154514
42921216 705564782
42921216 767036004
42921216 769702230
42921216 898260326
42921216 1112486646
42921216 2369193094
42921216 2369233345
42921216 2373857028
42921216 2471421697
43182702 48141381
43182702 55004670
43182702 88014344
43182702 95737635
43182702 228134082
43182702 254855062
43182702 255236525
43182702 302353072
43182702 376531194
43182702 388105873
43182702 505214831
43182702 512327871
43182702 531629036
43182702 570115053
43182702 601189357
43182702 630717039
43182702 714947334
43182702 718319754
43182702 891114542
43182702 900187770
43182702 1206885618
43182702 1418775942
43182702 1631841212
43182702 2152799365
43182702 2155220057
43182702 2543427014
43182702 2562154980
43182702 2562585720
43182702 2853443310
46822887 49800332
46822887 60841112
46822887 144402222
46822887 149751818
46822887 216786228
46822887 239025975
46822887 487816817
46822887 768588614
46822887 780269431
47554499 63144098
47554499 93879982
47554499 472552916
47554499 635745335
47554499 768588614
47739450 48141381
47739450 58966831
47739450 66037316
47739450 176657599
47739450 379962842
47739450 505214831
47739450 532547274
47739450 601189357
47739450 628038157
47739450 1418775942
47739450 1924704842
47739450 2273636460
47739450 2300551194
48141381 110445334
48141381 166990746
48141381 219937434
48141381 1379288282
48141381 3540252020
48654466 51241574
48654466 64643056
48654466 110445334
48654466 457984599
48956231 176657599
48956231 328440716
48956231 376531194
48956231 394392730
48956231 531629036
48956231 535554692
48956231 542962969
48956231 598925796
48956231 1317689665
49800332 51241574
49800332 63144098
49800332 64643056
49800332 87416722
49800332 292777349
49800332 325265073
49800332 487816817
49800332 1377719425
50769180 50948136
50769180 74247792
50769180 270535444
50769180 382299304
50769180 618172850
50769180 714947334
50769180 1016153754
50948136 208083510
50948136 237403203
50948136 272114651
50948136 1075460258
50948136 1125937411
50948136 1292439571
51241574 54661743
51241574 57994917
51241574 66037316
51241574 108556027
51241574 121812371
51241574 149283816
51241574 154498853
51241574 163992822
51241574 180317088
51241574 196220287
51241574 200641413
51241574 204195016
51241574 207249457
51241574 233853114
51241574 242849343
51241574 243844542
51241574 247104369
51241574 269992592
51241574 275942684
51241574 276943235
51241574 280082481
51241574 379962842
51241574 392860200
51241574 460577661
51241574 473472787
51241574 486361268
51241574 505214831
51241574 513051520
51241574 517212934
51241574 534745687
51241574 567626521
51241574 598925796
51241574 628638850
51241574 727472528
51241574 767036004
51241574 780269431
51241574 882947018
51241574 1057356487
51241574 1071376531
51241574 1098697202
51241574 1242171468
51241574 1598812760
51241574 1664059166
51241574 1669934971
51241574 1692174140
51241574 1944832135
51241574 1947303967
51241574 1979568403
51241574 2273636460
51241574 2365305244
51241574 2369233345
51241574 2376768615
51241574 2383954135
51241574 2414457033
51241574 2462213766
51241574 2463065714
51241574 2488367000
51241574 2676050774
51241574 2723735572
51241574 2737674672
51241574 2743678871
51241574 2787938268
51241574 2795517045
51241574 2799276557
51241574 2825224526
51241574 2943024549
52141764 64643056
52141764 168541923
52141764 196168350
52141764 272395158
52141764 457984599
52141764 954124423
52141764 1379288282
52141764 3540252020
53429839 199056422
53429839 469194846
53429839 567626521
53429839 900187770
53429839 2321272902
53429839 2462213766
53429839 2463065714
53503202 93879982
53503202 179732982
53503202 635745335
53503202 1377719425
53503202 2196201139
54661743 93637779
55004670 58966831
55004670 91882544
55004670 121656624
55004670 168541923
55004670 342737639
55004670 565726567
55004670 954124423
55004670 1125937411
55004670 1377719425
55004670 2316246829
57775464 58966831
57775464 134971995
57775464 159447476
57775464 239025975
57775464 269992592
57775464 812542670
57775464 834672494
57775464 1112486646
57775464 2162983369
57775464 2463065714
57775464 2795517045
58869220 196168350
58869220 237403203
58869220 249219716
58869220 342894187
58869220 457984599
58869220 565726567
58869220 2316246829
58966831 64008841
58966831 159447476
58966831 255236525
58966831 342737639
58966831 469194846
58966831 546488925
58966831 552421902
58966831 565726567
58966831 628638850
58966831 1242171468
58966831 1250419446
58966831 1292439571
58966831 1924704842
58966831 2162983369
58966831 2300551194
58966831 2321272902
60113766 69190453
60113766 208083510
60113766 465158270
60113766 812079846
60113766 1372786812
60113766 1616425044
60113766 1631841212
60113766 2734291692
60841112 149283816
60841112 487816817
63144098 149283816
63144098 183901925
63144098 269992592
63144098 377540405
63144098 500154514
63144098 800748296
63144098 2471421697
64008841 168541923
64008841 237403203
64008841 1059240924
64008841 1379288282
64008841 3092625141
64643056 97627107
64643056 121812371
64643056 180317088
64643056 204195016
64643056 228134082
64643056 243844542
64643056 252629056
64643056 267004350
64643056 324489515
64643056 330759494
64643056 465158270
64643056 483395237
64643056 718319754
64643056 855556087
64643056 1071376531
64643056 1242171468
64643056 2152799365
64643056 2155220057
64643056 2156561740
64643056 2321272902
64643056 2365305244
64643056 2370908751
64643056 2414457033
64643056 2471421697
64643056 2474620261
64643056 2488367000
64643056 2562154980
64643056 2707571696
64643056 2723735572
64643056 2799276557
64643056 2828277842
64643056 2943024549
65493023 68760726
65493023 228134082
65493023 505214831
65493023 526463447
65493023 532457531
65493023 812542670
65493023 913517954
65493023 1369986619
65493023 2543427014
65786703 342737639
65786703 356434482
65786703 469194846
65786703 954124423
65786703 2546562188
66037316 110445334
66037316 565726567
67514751 121656624
67514751 168541923
67514751 208083510
67514751 237403203
67514751 565726567
67514751 1125937411
68760726 110445334
68760726 166990746
68760726 190905427
68760726 237403203
68760726 272395158
69190453 91882544
69190453 393190233
69190453 462104542
69190453 1379288282
74247792 168541923
74247792 237403203
74247792 272395158
74247792 457984599
74247792 462104542
74247792 1125937411
74247792 1379288282
74644440 358545917
74644440 1059240924
80793585 208083510
80793585 237403203
80793585 249219716
80793585 342894187
80793585 358545917
80793585 2461452080
87416722 89265769
87416722 149751818
87416722 194615561
87416722 199056422
87416722 200641413
87416722 243844542
87416722 276943235
87416722 309686668
87416722 401710943
87416722 483395237
87416722 727472528
87416722 764103254
87416722 812079846
87416722 834672494
87416722 1091104740
87416722 1317689665
87416722 1920598429
87416722 2156561740
87416722 2202375985
87416722 2370908751
87416722 2414457033
87416722 2463065714
87416722 2676050774
87818409 89265769
87818409 243844542
87818409 780269431
87818409 1375526088
87818409 1664059166
87818409 2720901920
87818409 2788225609
88014344 91882544
88014344 130294479
88014344 166990746
88014344 237403203
88014344 1924704842
88861017 91882544
88861017 342737639
88861017 342894187
88861017 356434482
88861017 1379288282
88861017 1618641848
88861017 2546562188
88861017 3540252020
89265769 180887271
91882544 95737635
91882544 141682204
91882544 159447476
91882544 194615561
91882544 228134082
91882544 302353072
91882544 376531194
91882544 382299304
91882544 505214831
91882544 531629036
91882544 535554692
91882544 542962969
91882544 546488925
91882544 598925796
91882544 628638850
91882544 630717039
91882544 631437340
91882544 812079846
91882544 891114542
91882544 900187770
91882544 913517954
91882544 939024314
91882544 1206885618
91882544 1213293126
91882544 1357779576
91882544 1379288282
91882544 1418775942
91882544 1616425044
91882544 1631841212
91882544 1697561382
91882544 2152799365
91882544 2161787000
91882544 2300551194
91882544 2365305244
91882544 2461452080
91882544 2462213766
91882544 2479977919
91882544 2543427014
91882544 2562154980
91882544 2562585720
91882544 2596413645
91882544 2707571696
91882544 2720901920
91882544 2723735572
91882544 2734291692
93637779 141682204
93637779 714947334
93637779 939024314
93637779 1250419446
93637779 1357779576
93637779 2161787000
93637779 2202375985
93637779 2396163398
93637779 2474620261
93637779 2543427014
93879982 134971995
93879982 144402222
93879982 239025975
93879982 241776425
93879982 500154514
93879982 800748296
93879982 2369193094
93879982 2373857028
95737635 166990746
95737635 168541923
95737635 237403203
95737635 342894187
95737635 954124423
95737635 1125937411
95737635 1379288282
108556027 279390084
110445334 376531194
110445334 394392730
110445334 542962969
110445334 1369986619
110445334 1947303967
110445334 2462213766
110445334 2720901920
110445334 2723735572
120818659 208083510
120818659 237403203
120818659 342737639
120818659 342894187
120818659 358545917
120818659 379962842
120818659 462104542
121656624 388105873
121656624 618172850
121656624 787484389
121656624 939024314
121656624 1250419446
121656624 1317689665
121656624 1924704842
121656624 1979568403
121656624 2321272902
127693283 208083510
127693283 342894187
127693283 457984599
127693283 469194846
127693283 1372786812
130294479 199056422
130294479 372875229
130294479 535554692
130294479 552421902
130294479 628638850
130294479 1317689665
130294479 2273636460
130294479 2369233345
130294479 2479977919
134971995 179732982
134971995 219937434
134971995 292777349
134971995 325265073
134971995 472552916
138901623 292777349
138901623 727472528
141682204 292777349
141682204 457984599
141682204 469194846
141682204 954124423
141682204 1379288282
144402222 325265073
146408874 168541923
146408874 208083510
146408874 358545917
146408874 366819502
146408874 469194846
146408874 727472528
146408874 1125937411
149283816 179732982
149283816 216786228
149751818 219937434
149751818 635745335
149913262 199056422
149913262 270535444
149913262 505214831
149913262 532457531
149913262 598925796
149913262 1369986619
149913262 1476028855
149913262 1561539391
149913262 2152799365
149913262 2161787000
149913262 2162983369
149913262 2543427014
156743986 183901925
156743986 330759494
156743986 377540405
156743986 513739938
156743986 898260326
156743986 1242171468
156743986 1710120552
158064102 208083510
158064102 219937434
158064102 237403203
158064102 342737639
158064102 954124423
158064102 1125937411
158064102 1379288282
158064102 2316246829
159447476 190905427
159447476 342894187
159447476 469194846
159447476 954124423
159447476 1379288282
163749775 292777349
166990746 228134082
166990746 252629056
166990746 255236525
166990746 532457531
166990746 627830911
166990746 630717039
166990746 891114542
166990746 1561539391
166990746 1697561382
166990746 1710120552
166990746 2161787000
166990746 2300551194
166990746 2562585720
166990746 2723735572
168541923 194615561
168541923 247991761
168541923 302353072
168541923 322572436
168541923 328440716
168541923 372875229
168541923 376531194
168541923 465158270
168541923 512327871
168541923 542962969
168541923 630717039
168541923 718319754
168541923 787484389
168541923 891114542
168541923 900187770
168541923 954124423
168541923 1016153754
168541923 1213293126
168541923 1369986619
168541923 1379288282
168541923 1476028855
168541923 1561539391
168541923 1643704652
168541923 1947303967
168541923 2152799365
168541923 2161787000
168541923 2162983369
168541923 2300551194
168541923 2543427014
168541923 2676050774
168541923 2707571696
176657599 237403203
176657599 627830911
179732982 239025975
179732982 242849343
179732982 913225676
179732982 1377719425
179732982 2365305244
180887271 486361268
180887271 513739938
180887271 2463065714
183901925 325265073
183901925 944425148
190905427 270535444
190905427 913517954
190905427 2734291692
194615561 249219716
194615561 356434482
194615561 1059240924
196168350 302353072
196168350 316161690
196168350 412776430
196168350 1561539391
196168350 2853443310
196168350 2903166449
196220287 292777349
199056422 457984599
208083510 255236525
208083510 328440716
208083510 381308128
208083510 531629036
208083510 601189357
208083510 628638850
208083510 704306828
208083510 882947018
208083510 1016153754
208083510 1213293126
208083510 1379288282
208083510 1616425044
208083510 1618641848
208083510 1631841212
208083510 1643704652
208083510 1697561382
208083510 1979568403
208083510 2321272902
208083510 2462213766
208083510 2543427014
208083510 2562154980
208083510 2676050774
208083510 2707571696
208083510 2825224526
208083510 2853443310
208083510 3540252020
211337962 271413771
213291472 216123608
213291472 260848405
213291472 330759494
213291472 1920598429
213291472 2608043178
213291472 4797427108
216123608 216776631
216776631 240697075
216776631 241776425
216776631 260848405
216776631 267004350
216776631 330759494
216776631 377540405
216776631 401710943
216776631 2165707725
216776631 2608043178
216776631 4797427108
216786228 325265073
216786228 769702230
219937434 228134082
219937434 270535444
219937434 280082481
219937434 340534889
219937434 570115053
219937434 767036004
219937434 769702230
219937434 787484389
219937434 1250419446
219937434 1710120552
219937434 2383954135
219937434 2543427014
228134082 356434482
228134082 954124423
228134082 1125937411
228134082 2316246829
233853114 249219716
233853114 379962842
233853114 1125937411
233853114 1379288282
237403203 309686668
237403203 316161690
237403203 388105873
237403203 394392730
237403203 505214831
237403203 532457531
237403203 532547274
237403203 535554692
237403203 546488925
237403203 570115053
237403203 598925796
237403203 630717039
237403203 704306828
237403203 714947334
237403203 727472528
237403203 787484389
237403203 900187770
237403203 939024314
237403203 1317689665
237403203 1379288282
237403203 1924704842
237403203 2273636460
237403203 2300551194
237403203 2462213766
239025975 325265073
239025975 487816817
239025975 768588614
241776425 271413771
241776425 635745335
241776425 1377719425
241776425 2196201139
242849343 292777349
243844542 292777349
243844542 322572436
244200716 279390084
244200716 472552916
247991761 342894187
247991761 366819502
247991761 727472528
247991761 1059240924
249219716 254855062
249219716 270535444
249219716 532547274
249219716 570115053
249219716 618172850
249219716 727472528
249219716 1317689665
249219716 1357779576
249219716 1476028855
252629056 393190233
252629056 457984599
252629056 627830911
252629056 1125937411
252629056 1379288282
252629056 3092625141
254855062 320655939
254855062 954124423
254855062 1372786812
254855062 2546562188
255236525 1125937411
255236525 1379288282
267004350 279390084
267004350 472552916
267004350 944425148
270535444 292777349
270535444 462104542
270535444 469194846
271413771 526463447
271413771 913225676
271413771 2463065714
271413771 2788225609
272114651 316161690
272114651 512327871
272114651 567626521
272114651 1418775942
272114651 1616425044
272114651 2903166449
272114651 3540252020
272395158 375669510
272395158 512327871
272395158 532457531
272395158 631437340
272395158 718319754
272395158 812079846
272395158 1476028855
279390084 316161690
279390084 324489515
279390084 460577661
279390084 628638850
279390084 635745335
279390084 944425148
280082481 292777349
280082481 635745335
280082481 1377719425
280082481 2196201139
292777349 309686668
292777349 412776430
292777349 534745687
292777349 535554692
292777349 628038157
292777349 768588614
292777349 855556087
292777349 1071376531
292777349 1091104740
292777349 1669934971
292777349 1920598429
292777349 2162983369
292777349 2181188602
302353072 342894187
302353072 469194846
302353072 954124423
302353072 1379288282
309686668 1125937411
316161690 342894187
316161690 1125937411
320655939 342737639
320655939 376531194
320655939 1242171468
320655939 1292439571
320655939 1924704842
320655939 2300551194
320655939 2479977919
322572436 513051520
322572436 565726567
322572436 598925796
322572436 787484389
322572436 1242171468
322572436 1369986619
322572436 1692174140
322572436 2152799365
322572436 2383954135
324489515 1125937411
325265073 487816817
325265073 500154514
325265073 768588614
325265073 800748296
328440716 954124423
328440716 1125937411
328440716 2799276557
340534889 635745335
340534889 2196201139
342737639 375669510
342737639 381308128
342737639 465158270
342737639 505214831
342737639 512327871
342737639 526463447
342737639 546488925
342737639 570115053
342737639 598925796
342737639 627830911
342737639 630717039
342737639 704306828
342737639 882947018
342737639 1059240924
342737639 1242171468
342737639 2300551194
342894187 388105873
342894187 401710943
342894187 505214831
342894187 546488925
342894187 598925796
342894187 727472528
342894187 812079846
342894187 882947018
342894187 1016153754
342894187 1250419446
342894187 1317689665
342894187 1710120552
342894187 1979568403
342894187 2152799365
342894187 2321272902
342894187 2414457033
342894187 2562154980
342894187 2707571696
342894187 2825224526
356434482 465158270
356434482 812542670
356434482 1357779576
356434482 1418775942
356434482 2161787000
358545917 382299304
358545917 526463447
358545917 628638850
358545917 1206885618
358545917 1561539391
358545917 1616425044
358545917 2305879171
358545917 2596413645
366819502 393190233
366819502 727472528
366819502 1125937411
366819502 1206885618
366819502 1618641848
366819502 2596413645
366819502 2903166449
372875229 627830911
372875229 1377719425
375669510 1292439571
375669510 3092625141
376531194 565726567
377540405 635745335
377540405 944425148
379962842 534745687
379962842 570115053
379962842 900187770
379962842 939024314
381308128 565726567
381308128 1379288282
381308128 2546562188
382299304 546488925
388105873 954124423
388105873 1379288282
393190233 628638850
393190233 891114542
393190233 1075460258
393190233 1242171468
393190233 1618641848
393190233 1631841212
393190233 2562585720
393190233 2853443310
393190233 3540252020
394392730 457984599
394392730 469194846
394392730 727472528
412776430 565726567
412776430 954124423
412776430 1125937411
412776430 1379288282
457984599 512327871
457984599 535554692
457984599 601189357
457984599 631437340
457984599 801698222
457984599 1075460258
457984599 1418775942
457984599 1561539391
457984599 1631841212
457984599 2161787000
457984599 2300551194
457984599 2543427014
460577661 944425148
462104542 601189357
462104542 891114542
462104542 900187770
462104542 1206885618
462104542 1250419446
462104542 1372786812
462104542 1631841212
462104542 2543427014
462104542 2596413645
465158270 954124423
465158270 1379288282
469194846 535554692
469194846 567626521
469194846 618172850
469194846 714947334
469194846 727472528
469194846 1091104740
469194846 1418775942
469194846 1476028855
469194846 2720901920
469194846 2723735572
472552916 767036004
472552916 1712662747
472552916 2414457033
472552916 2463065714
483395237 1125937411
495602226 1377719425
500154514 635745335
500154514 944425148
512327871 1379288282
512327871 3092625141
526463447 1372786812
531629036 1292439571
531629036 1379288282
532547274 1125937411
535554692 954124423
535554692 1125937411
546488925 2461452080
552421902 1125937411
552421902 1379288282
552421902 2316246829
552421902 2562585720
565726567 631437340
565726567 1242171468
565726567 2321272902
567626521 1618641848
567626521 3540252020
570115053 1125937411
570115053 2316246829
598925796 1075460258
598925796 2365305244
598925796 2546562188
618172850 1059240924
618172850 1379288282
627830911 891114542
627830911 1091104740
628038157 3092625141
630717039 1125937411
630717039 1379288282
631437340 1075460258
631437340 1372786812
635745335 705564782
635745335 767036004
635745335 769702230
635745335 780269431
635745335 898260326
635745335 944425148
635745335 2369193094
635745335 2369233345
635745335 2373857028
704306828 1059240924
704306828 1125937411
704306828 1372786812
705564782 1377719425
714947334 954124423
714947334 1379288282
718319754 3092625141
718319754 3179207340
727472528 2305879171
767036004 1377719425
767036004 2196201139
780269431 2196201139
787484389 1292439571
810053322 1377719425
812079846 954124423
812079846 1059240924
812079846 1125937411
812079846 1379288282
812542670 954124423
812542670 1125937411
812542670 1379288282
812542670 3092625141
882947018 1379288282
891114542 1379288282
898260326 944425148
900187770 1125937411
900187770 1379288282
900187770 2316246829
913517954 1372786812
913517954 3540252020
939024314 1292439571
944425148 1112486646
944425148 2463065714
954124423 1016153754
954124423 1242171468
954124423 1250419446
954124423 1357779576
954124423 1379288282
954124423 1476028855
954124423 1697561382
954124423 2155220057
954124423 2273636460
954124423 2474620261
954124423 2479977919
954124423 2543427014
954124423 2562585720
954124423 2676050774
954124423 2853443310
1059240924 1206885618
1059240924 1561539391
1059240924 1697561382
1075460258 1476028855
1075460258 1618641848
1075460258 1947303967
1075460258 2825224526
1075460258 2903166449
1125937411 1242171468
1125937411 1317689665
1125937411 1357779576
1125937411 1369986619
1125937411 1418775942
1125937411 1643704652
1125937411 1697561382
1125937411 1924704842
1125937411 1979568403
1125937411 2155220057
1125937411 2161787000
1125937411 2461452080
1125937411 2462213766
1125937411 2474620261
1125937411 2479977919
1125937411 2562585720
1125937411 2596413645
1125937411 2676050774
1213293126 2546562188
1213293126 3092625141
1225907048 2723735572
1242171468 2316246829
1292439571 1924704842
1292439571 2152799365
1317689665 2546562188
1369986619 1379288282
1369986619 2316246829
1372786812 1379288282
1372786812 2799276557
1377719425 2369193094
1377719425 2369233345
1377719425 2373857028
1377719425 2463065714
1377719425 2471421697
1377719425 2608043178
1377719425 2795517045
1379288282 1643704652
1379288282 1697561382
1379288282 1710120552
1379288282 2152799365
1379288282 2155220057
1379288282 2161787000
1379288282 2162983369
1379288282 2273636460
1379288282 2474620261
1379288282 2562154980
1379288282 2562585720
1379288282 2707571696
1379288282 2825224526
1379288282 2853443310
1616425044 3092625141
1618641848 2461452080
1618641848 2903166449
1618641848 3540252020
2152799365 2316246829
2161787000 2316246829
2196201139 2369193094
2273636460 3540252020
2316246829 2383954135
2316246829 2543427014
2316246829 2562154980
2316246829 2723735572
2461452080 2903166449
2463065714 2788225609
