40076725 357197167
2367911 40076725
2367911 28296918
2367911 17168689
2367911 2159472618
2367911 1667945606
2367911 1416949622
2367911 1952226619
2367911 615802017
2367911 1480693087
2367911 1706682290
2367911 1116151183
2367911 571441826
2367911 1511707376
2367911 129036085
2367911 1243805989
2367911 266626917
2367911 579628938
2367911 83187595
2367911 415811063
2367911 1143653436
2367911 746940920
2367911 1001983554
2367911 1955311448
2367911 399636063
2367911 2223202987
2367911 19091658
2367911 240133940
2367911 621728595
2367911 319183542
2367911 1633291009
2367911 733238641
2367911 68382304
2367911 1098239706
2367911 235501327
2367911 1711022928
2367911 182228103
2367911 173631189
2367911 25735574
2367911 1126498309
2367911 367255376
2367911 1831158175
2367911 191028005
2367911 1594415467
2367911 350468146
2367911 303455099
2367911 1204321098
2367911 113126114
2367911 409884437
2367911 727076508
2367911 925549746
2367911 127761752
2367911 1336448329
2367911 65558795
2367911 30429964
2367911 262086387
2367911 33275410
2367911 175906845
2367911 24306607
2367911 1880985530
2367911 287924701
2367911 28156683
2367911 2149865226
2367911 537197820
2367911 190917032
2367911 1468338108
2367911 477879684
2367911 22673457
2367911 583087635
2367911 149012047
2367911 1041204823
2367911 2188676510
40076725 190917032
2367911 155116509
2367911 32353207
2367911 32914634
2367911 1022737542
2367911 485393014
2367911 1038810188
2367911 52059555
2367911 149286425
2367911 782765401
2367911 41908117
2367911 935153042
2367911 302984903
2367911 2174578889
2367911 419627991
2367911 178406007
2367911 172075421
2367911 276389104
2367911 220780060
2367911 153594933
2367911 300986345
2367911 1320430993
2367911 1558833127
2367911 1163876167
2367911 250483333
2367911 197422039
2367911 566385565
2367911 2176371887
2367911 498833535
2367911 114932810
2367911 239746781
2367911 50529782
2367911 360057766
2367911 458359371
2367911 54608326
2367911 167979809
2367911 33626250
2367911 56332930
2367911 15462784
2367911 346621268
2367911 541148489
2367911 2183788859
2367911 1058290705
2367911 1469293836
2367911 1327813662
2367911 46225686
2367911 549885870
2367911 145521820
2367911 1678304995
2367911 26946510
2367911 2154435703
2367911 1873518391
2367911 848688799
2367911 120200568
2367911 1024858411
2367911 1042221860
2367911 1084077420
2367911 365063143
2367911 2171661526
2367911 55764594
2367911 83718693
2367911 1904725496
2367911 1856877390
2367911 339631305
2367911 138633040
2367911 1594795214
2367911 1698220243
2367911 79354930
2367911 350654234
2367911 41898885
2367911 731919588
2367911 926710740
2367911 1349650538
2367911 27792679
2367911 1688813024
2367911 31011076
2367911 442855139
2367911 2168144403
2367911 797048545
2367911 1348322845
2367911 6524622
2367911 286978281
2367911 1491624120
2367911 61800645
2367911 29814876
2367911 899836328
2367911 95132286
2367911 724398031
2367911 1467373500
2367911 335155714
2367911 1919979636
2367911 2174623730
2367911 1228836624
2367911 1575852061
2367911 975590268
2367911 617371699
2367911 397034097
2367911 399175881
2367911 399098687
2367911 2182112844
2367911 21962548
2367911 1392699967
2367911 466042631
2367911 215674624
2367911 731719598
2367911 791355606
2367911 146427907
2367911 778320152
2367911 403589141
2367911 357732968
2367911 319388699
2367911 1362829195
2367911 2176173963
2367911 367389081
2367911 279711788
2367911 987107424
2367911 454469541
2367911 233963084
2367911 40076725
2367911 1602649664
2367911 1964902903
2367911 64145371
2367911 201850809
2367911 1873518391
2367911 1621041600
2367911 31555178
2367911 1872357368
2367911 827043816
2367911 1656666342
2367911 520968163
2367911 142620600
2367911 543928377
2367911 2223509526
2367911 25986113
2367911 315504123
2367911 914219348
2367911 304718787
2367911 238193537
2367911 203846880
2367911 1446837577
2367911 1167285824
2367911 274678133
2367911 456730336
2367911 43779930
2367911 972522516
2367911 295255832
2367911 307915877
2367911 844203278
2367911 1210892485
2367911 1437594518
2367911 1024858411
2367911 1193008357
2367911 54793112
2367911 376965716
2367911 38978857
2367911 274199011
2367911 710931380
2367911 293733621
2367911 334506745
2367911 1213605530
2367911 230222421
2367911 2199742858
2367911 36454534
2367911 208224872
2367911 1698220243
2367911 25555877
2367911 529658963
2367911 1688813024
2367911 1329287455
2367911 63403672
2367911 33649689
2367911 111201037
2367911 1250579238
2367911 29842986
2367911 354813314
2367911 327562133
2367911 162175660
2367911 398244884
2367911 36339859
2367911 57697825
2367911 490955359
2367911 159684881
2367911 33626250
2367911 926710740
2367911 1205855666
2367911 197025972
2367911 988672057
2367911 232100126
2367911 357197167
2367911 93493511
2367911 170763201
2367911 276739082
2367911 38309511
2367911 1112185436
2367911 26680247
2367911 1282828058
2367911 1360420170
2367911 36834510
2367911 355702750
2367911 907056577
40076725 473472787
2367911 473472787
2367911 359451427
2367911 776410141
2367911 307209440
2367911 765250536
2367911 797048545
2367911 1912507634
2367911 618277457
2367911 906741254
2367911 6524622
2367911 1255292544
2367911 1437720577
2367911 24442260
2367911 281523672
2367911 1467373500
2367911 303382015
2367911 57849505
2367911 615406824
2367911 1468338108
2367911 1611325172
2367911 15101270
2367911 1151625194
2367911 2174623730
2367911 466960299
2367911 975590268
2367911 416654692
2367911 240133940
2367911 591164287
2367911 295918467
2367911 528908118
2367911 1392699967
2367911 146427907
2367911 1612720226
2367911 23274822
2367911 1243058083
2367911 1662969937
2367911 1595172445
2367911 990421729
2367911 279711788
2367911 363174575
40076725 383216054
2367911 40076725
2367911 1703254675
40076725 2478060467
2367911 2732993039
2367911 2923078522
2367911 2206121295
2367911 100217842
2367911 2611724853
2367911 1615603472
2367911 2889537735
2367911 1040722002
2367911 2734498863
2367911 1375970904
2367911 1447767907
2367911 2597518292
2367911 717500241
2367911 2889669755
2367911 438785531
2367911 2257048686
2367911 1317847520
2367911 2293366211
2367911 2940330204
2367911 2366610330
2367911 2841113555
2367911 2375105852
2367911 95336237
2367911 485186383
2367911 25966303
2367911 110250604
2367911 140571902
2367911 2751435867
2367911 208103767
2367911 79832472
2367911 331245087
2367911 419920448
2367911 98135823
2367911 2661310156
2367911 598940334
2367911 2365169399
2367911 622457721
2367911 615545243
2367911 1007672401
2367911 590307977
2367911 2891187821
2367911 2870018363
2367911 2260010117
2367911 427996817
2367911 2672926139
2367911 1576851162
2367911 535951594
2367911 43381987
2367911 116973350
2367911 1485827222
2367911 1488881088
2367911 356427321
2367911 587044276
2367911 545649579
2367911 2663699407
2367911 840856058
2367911 1056759098
2367911 2834555429
40076725 1488881088
2367911 1120556492
2367911 1571914236
2367911 313060264
2367911 421224651
2367911 370879213
2367911 2661340148
2367911 180251820
2367911 45329145
2367911 2482184095
2367911 2627852605
2367911 347457811
2367911 353127309
2367911 63636333
2367911 278664867
2367911 2921616052
2367911 2182912429
2367911 132712680
2367911 1955790109
2367911 212842491
2367911 2479991360
2367911 385180930
2367911 2729942530
2367911 26757582
2367911 1714651400
2367911 1665859994
2367911 291495305
2367911 510942549
2367911 2620187236
2367911 1063445186
2367911 2318667537
2367911 182661783
2367911 1046102472
2367911 2951589472
2367911 32515178
2367911 498842695
2367911 95147217
2367911 65622223
2367911 1463041586
2367911 2862104398
2367911 28034794
2367911 599522521
2367911 88905743
2367911 211381625
2367911 299138961
2367911 336163074
2367911 223523798
40076725 498842695
2367911 2882169071
2367911 264294805
2367911 2752261433
2367911 2502524888
2367911 1692844818
2367911 2306489343
2367911 63445554
2367911 2909528834
2367911 1007978778
2367911 18545730
2367911 49601738
2367911 1455220837
2367911 106554970
2367911 2950526092
2367911 1035430244
2367911 1123702742
2367911 31477966
2367911 1031073692
2367911 169778268
2367911 2846994358
2367911 1662504625
2367911 1400587927
2367911 540391901
2367911 2850690663
2367911 2913234762
2367911 415306683
2367911 2641116888
2367911 1950782222
2367911 2205985340
2367911 2951054917
2367911 734173015
2367911 30588417
2367911 974267887
2367911 2245708125
2367911 1350257214
2367911 1700529932
2367911 1390691402
2367911 1432027292
2367911 111511419
2367911 1636770601
2367911 92303308
2367911 367417132
2367911 992271283
2367911 25788086
2367911 38829050
2367911 2766816401
2367911 572433935
2367911 1385985625
2367911 328166870
2367911 85473523
2367911 46816467
2367911 2858255328
2367911 2175058980
2367911 1656998725
2367911 251255655
2367911 1320044996
2367911 2565682001
2367911 340500243
2367911 1581863148
2367911 941350904
2367911 535498018
2367911 2563435041
2367911 714970897
2367911 2478060467
2367911 583138391
2367911 3353905579
2367911 2878889210
2367911 330548723
2367911 1497268448
2367911 2224313560
2367911 983240768
2367911 298702697
2367911 1918027333
2367911 425622852
2367911 606145478
2367911 998495142
2367911 942324768
2367911 235608904
2367911 4207543694
2367911 372496855
2367911 4850727885
2367911 562307282
2367911 1892938093
2367911 523871586
2367911 1053700129
2367911 160921123
2367911 884785668
2367911 55615791
2367911 1876843824
2367911 2763183368
2367911 2887058897
2367911 4233157467
2367911 2867710270
2367911 605750916
2367911 422621639
2367911 191182495
2367911 2798758688
2367911 589410927
2367911 340005520
2367911 2392517770
2367911 2264719926
2367911 160252092
2367911 3044027559
2367911 780730338
2367911 4506876874
2367911 303910913
2367911 568415863
2367911 2873877947
2367911 598564750
2367911 2308669258
2367911 2696513892
2367911 2203837566
2367911 163039757
2367911 2597045869
2367911 1550845674
2367911 1343281958
2367911 100027953
2367911 382438728
2367911 1053831434
2367911 2988675562
2367911 359132171
2367911 1061372408
2367911 1263425755
2367911 1435059254
2367911 108177644
2367911 420101103
2367911 1471208359
2367911 960651144
2367911 429878285
2367911 2441986361
2367911 423095288
2367911 4822506291
2367911 14110925
2367911 44759410
2367911 241625265
2367911 3384642293
2367911 431216138
2367911 3317322652
2367911 631580681
2367911 290686161
2367911 777535051185713153
2367911 1436794153
2367911 123944202
2367911 1423471238
2367911 549701128
2367911 3437194167
2367911 1707077682
2367911 195364310
2367911 271577325
2367911 3271157400
2367911 4813206282
2367911 218065143
2367911 548767492
2367911 567794158
2367911 3388031703
2367911 3318168399
2367911 104063332
2367911 507700293
2367911 209718728
2367911 3448810636
2367911 2672203119
2367911 2762836498
2367911 65050388
2367911 371688148
2367911 2859256873
2367911 27783627
2367911 3349476515
2367911 355182430
2367911 258094529
2367911 625014439
2367911 37026987
2367911 2155910400
2367911 317520264
2367911 2892651559
2367911 1915902650
2367911 3320214086
2367911 1730220385
2367911 1490704880
2367911 104563175
2367911 255950428
2367911 550973220
2367911 223657460
2367911 3065694880
2367911 290724280
2367911 340045812
2367911 480706379
2367911 1596145129
2367911 1576412304
2367911 3028322232
2367911 925410774
2367911 2717128832
2367911 3197783726
2367911 2963148358
2367911 451458570
2367911 1117192483
2367911 1560527466
2367911 37428388
2367911 215485405
2367911 548041413
2367911 42321563
2367911 127041965
2367911 1716395646
2367911 2614588911
2367911 966423104
2367911 1093795537
2367911 967022461
2367911 809674026
2367911 2905679273
2367911 1497113460
2367911 584181043
2367911 294969898
2367911 264799069
2367911 2251173463
2367911 261282198
2367911 496612071
2367911 2731844655
2367911 570960712
2367911 3723187753
2367911 515830558
2367911 524852603
2367911 352581328
2367911 66981444
2367911 2988934902
2367911 1645917864
2367911 1588640796
2367911 255370186
2367911 441894102
2367911 547501241
2367911 1244415018
2367911 2863531260
2367911 1960356008
2367911 1403455836
2367911 1154526722
2367911 439417146
2367911 459884144
2367911 3008832866
2367911 86968012
2367911 79725284
2367911 115535056
2367911 865143698
2367911 320914204
2367911 4847977763
2367911 1236336679
2367911 353383852
2367911 1236532166
2367911 313359083
2367911 587931357
2367911 93269883
2367911 1360969352
2367911 320188467
2367911 2696634958
2367911 336674154
2367911 3070012175
2367911 2440188855
2367911 560395951
2367911 4041539662
2367911 34384263
2367911 159643914
2367911 285701755
2367911 539537991
2367911 445452427
2367911 2945655378
2367911 60419235
2367911 165875737
2367911 276265859
2367911 553990955
2367911 353438487
2367911 544292476
2367911 234224889
2367911 367351138
2367911 163953529
2367911 579128851
2367911 321437676
2367911 545277846
2367911 25211270
2367911 1245341725
2367911 345691129
2367911 1386238519
2367911 365773231
2367911 221209895
2367911 394764825
2367911 337400938
2367911 366821466
2367911 2720707893
2367911 2732110552
2367911 255694082
2367911 124974184
2367911 106875720
2367911 2531439335
2367911 360144302
2367911 3789625277
2367911 2330943939
2367911 63529527
2367911 236868440
2367911 4092555477
2367911 1869784652
2367911 357581408
2367911 390503739
2367911 915211910
2367911 287512775
2367911 47127526
2367911 74658904
2367911 40974108
2367911 1108116649
2367911 59047776
2367911 1258232996
2367911 448295531
2367911 357926979
2367911 3249903512
2367911 1020964603
2367911 299005324
2367911 4205022429
2367911 287983555
2367911 181201961
2367911 701562518
2367911 711664088
2367911 946530750
2367911 579341948
2367911 34647005
2367911 778848973
2367911 4549749395
2367911 2567719213
2367911 2450598726
2367911 834396114
2367911 2952133331
2367911 346350281
2367911 131589994
2367911 194621566
2367911 701498357
2367911 2683555828
2367911 121274870
2367911 129192279
2367911 1056393102
2367911 331394541
2367911 1029688868
2367911 124548429
2367911 313403250
2367911 2599843080
2367911 2260573866
2367911 70177958
2367911 2783488436
2367911 136042801
2367911 171236837
2367911 242045828
2367911 2828141915
2367911 3380978800
2367911 2485831322
2367911 1289884952
2367911 112785240
2367911 2371410152
2367911 119160441
2367911 705759130
2367911 1583973967
2367911 293075272
2367911 3184531832
2367911 2305830390
2367911 1726319280
2367911 149373388
2367911 29315522
2367911 468954147
2367911 1797053976
2367911 2241652176
2367911 3044858775
2367911 423863526
2367911 366376118
2367911 1274992350
2367911 158568556
2367911 2726524122
2367911 1607535174
2367911 402459777
2367911 3447990323
2367911 2347318051
2367911 546001871
2367911 2865530155
2367911 2594758236
2367911 1465307390
2367911 102564936
2367911 628112315
2367911 2972532225
2367911 86046381
2367911 603195118
2367911 2167104134
2367911 1720349996
2367911 3293450596
2367911 1253601564
2367911 2969146767
2367911 1012516758
2367911 101612699
2367911 3437812781
2367911 4828416449
2367911 1352482286
2367911 106038135
2367911 1692267559
2367911 167204316
2367911 1355250222
2367911 208555951
2367911 363393016
2367911 1058356561
2367911 3354485171
2367911 136628315
2367911 1393304743
2367911 634160729
2367911 590808138
2367911 2322920517
2367911 310281555
2367911 159559143
2367911 1227265260
2367911 359541998
2367911 2646234127
2367911 352763331
2367911 1636070959
2367911 454394646
2367911 79323108
2367911 1078164265
2367911 278200039
2367911 2559567444
2367911 620674053
2367911 3294773161
2367911 2537901886
2367911 1661691726
2367911 1470311437
2367911 3669235817
2367911 448474456
2367911 479769043
2367911 542908025
2367911 352750324
2367911 351899688
2367911 2177249489
2367911 838759698
2367911 2398759280
2367911 612089043
2367911 1038819817
2367911 4702933574
2367911 382355817
2367911 170782385
2367911 1556352007
2367911 1408401288
2367911 2454169890
2367911 349754684
2367911 3717625457
2367911 116538557
2367911 1159839907
2367911 535679715
2367911 274547807
2367911 2453670890
2367911 1651857578
2367911 84169478
2367911 93985607
2367911 2822780336
2367911 1860525018
2367911 2434194856
2367911 232809367
2367911 1440035882
2367911 618824668
2367911 2265227667
2367911 3011823625
2367911 2377151104
2367911 2381032861
2367911 775363934173929472
2367911 2716102260
2367911 56306189
2367911 2591164884
2367911 472600142
2367911 1137582769
2367911 2785127397
2367911 1491617240
2367911 2853456400
2367911 106879054
2367911 25188526
2367911 1858956727
2367911 2871651131
2367911 20441173
2367911 2765186152
2367911 109391531
2367911 137118853
2367911 1462753986
2367911 2497255709
2367911 183590108
2367911 2645682091
2367911 132260676
2367911 1498582314
2367911 295237119
2367911 547111018
2367911 123739453
2367911 1411030393
2367911 609115886
2367911 331035477
2367911 3161957663
2367911 979608697
2367911 378815645
2367911 2426381694
2367911 18597583
2367911 625162089
2367911 332702965
2367911 916141861
2367911 494054294
2367911 2854806409
2367911 3352183967
2367911 718086045
2367911 274223534
2367911 2498349893
2367911 338920642
2367911 764143038
2367911 2411130130
2367911 3838619019
2367911 1090789742
2367911 50258219
2367911 382166578
2367911 3020399505
2367911 577290806
2367911 1240150320
2367911 599714132
2367911 600248593
2367911 767033898
2367911 1034293291
2367911 2814046513
2367911 2177069352
2367911 204508073
2367911 220127186
2367911 383216054
2367911 2383181258
2367911 2451006267
2367911 261075449
2367911 575565770
2367911 3091452744
2367911 2969608934
2367911 2289952519
2367911 3295099911
2367911 65209023
2367911 822460332
2367911 932231947
2367911 2900883765
2367911 938293321
2367911 26322216
2367911 1219066964
2367911 727833470
2367911 1963831561
2367911 107548407
2367911 2751697954
2367911 715317600
2367911 2203463051
2367911 28411385
2367911 2258815947
2367911 377686444
2367911 2314390801
2367911 3392111219
2367911 378832140
2367911 384582319
2367911 140243214
2367911 3232860846
2367911 291844474
2367911 91206349
2367911 2678073470
2367911 1380722102
2367911 257656789
2367911 39596008
2367911 53200277
2367911 275366038
2367911 2374278968
2367911 404269429
2367911 366305886
2367911 846505520
2367911 4744938994
2367911 2387568085
2367911 328735143
2367911 378282339
2367911 360812640
2367911 62822429
2367911 2334251047
2367911 2979175809
2367911 1483834238
2367911 1864216746
2367911 213510396
2367911 326550661
2367911 3151643013
2367911 286781931
2367911 532640081
2367911 881156521
2367911 418298807
2367911 554774481
2367911 4822537365
2367911 114633847
2367911 721735182
2367911 514756169
2367911 527960738
2367911 99786308
2367911 370171091
2367911 2761091105
2367911 251313172
2367911 1465443060
2367911 388395853
2367911 319040333
2367911 49043118
2367911 277634574
2367911 1405943779
2367911 552291189
2367911 302959997
2367911 3837771269
2367911 2732555055
2367911 840323244
2367911 1315779606
2367911 3395858805
2367911 212445039
2367911 66470538
2367911 1586430944
2367911 2492389544
2367911 2966555728
2367911 3822336380
2367911 1037382883
2367911 1588902127
2367911 3835177361
2367911 244337807
2367911 4847803528
2367911 2297796710
2367911 1911468734
2367911 3291077562
2367911 22147816
2367911 1030982239
2367911 291222820
2367911 277742134
2367911 267480881
2367911 2380074383
2367911 1477713554
2367911 76370792
2367911 3248752192
2367911 628781935
2367911 1715697122
2367911 1921280227
2367911 1643336887
2367911 1892520966
2367911 1279338517
2367911 86981700
2367911 60376442
2367911 249482742
2367911 3040583666
2367911 75201113
2367911 1216723838
2367911 79840783
2367911 2201988528
2367911 53731579
2367911 439695312
2367911 374795396
2367911 2507720850
2367911 566543640
2367911 3404943454
2367911 2524407853
2367911 3242609940
2367911 104312320
2367911 468789572
2367911 58053601
2367911 2288047860
2367911 815952241
2367911 3437160573
2367911 3670710682
2367911 1130393184
2367911 470399767
2367911 77043786
2367911 730970562
2367911 163557086
2367911 768588973
2367911 2620277349
2367911 2842167833
2367911 2694291751
2367911 1330277672
2367911 549787504
2367911 2877060967
2367911 785402917
2367911 2402798398
2367911 858141612
2367911 46574149
2367911 357062749
2367911 2758381014
2367911 1306378890
2367911 622458697
2367911 1544832896
2367911 1113062472
2367911 583034213
2367911 3283665534
2367911 777197114
2367911 4278933388
2367911 874724906
2367911 2500911809
2367911 3550601537
2367911 713028622
2367911 1426078946
2367911 101398170
2367911 381688770
2367911 2799131260
2367911 62604660
2367911 2742837135
2367911 25705041
2367911 298829534
2367911 312983596
2367911 1240352808
2367911 2189314242
2367911 612055746
2367911 3030857358
2367911 1329475758
2367911 1578496782
2367911 58052327
2367911 2243055277
2367911 480202243
2367911 1267356108
2367911 30991525
2367911 2391465283
2367911 20108179
2367911 34303218
2367911 603882178
2367911 1909985779
2367911 3405793575
2367911 899848820
2367911 39117897
2367911 3234402848
2367911 63359289
2367911 100474649
2367911 1594476450
2367911 1080556398
2367911 4002490517
2367911 279635519
2367911 1679619823
2367911 3260149981
2367911 282729596
2367911 1586998796
2367911 844762879
2367911 3044705951
2367911 1198737432
2367911 365370341
2367911 272485955
2367911 283755892
2367911 2473121335
2367911 1252897321
2367911 1862517254
2367911 3190228033
2367911 80731092
2367911 268406594
2367911 3245801207
2367911 2748982085
2367911 591307200
2367911 4356511753
2367911 2156153856
2367911 3662720965
2367911 731483426
2367911 532580950
2367911 775071706784395264
2367911 767887759
2367911 792627698
2367911 2889066317
2367911 3378207657
2367911 3054410985
2367911 2823422749
2367911 2471668753
2367911 2299908216
2367911 2367405625
2367911 4357604232
2367911 2918812536
2367911 579203465
2367911 2317925257
2367911 3153988523
2367911 2775939269
2367911 2911455767
2367911 1112876623
2367911 921883650
2367911 927904262
2367911 628623694
2367911 388945541
2367911 1093336502
2367911 102862372
2367911 630073584
2367911 1539600864
2367911 2232970110
2367911 153701105
2367911 469742559
2367911 1690493359
2367911 422011029
2367911 3308943118
2367911 2251796227
2367911 593455391
2367911 163113694
2367911 200924738
2367911 3532856533
2367911 3027208011
2367911 3144958827
2367911 2856818368
2367911 96600821
2367911 702589973
2367911 1363261537
2367911 181090437
2367911 1955824790
2367911 784672231
2367911 327603436
2367911 4850964472
2367911 2955586255
2367911 363469604
2367911 705687210
2367911 801369894
2367911 1935541464
2367911 572670335
2367911 321534278
2367911 827625204
2367911 188283585
2367911 994114651
2367911 2568670189
2367911 3559731279
2367911 2326254552
2367911 384045745
2367911 392729257
2367911 1302589140
2367911 321118979
2367911 3290226194
2367911 3021439807
2367911 409093739
2367911 98898538
2367911 41508585
2367911 3002670614
2367911 3185150828
2367911 784857096
2367911 488097682
2367911 192639077
2367911 31045745
2367911 2516821647
2367911 342485437
2367911 90548327
2367911 497511078
2367911 479834375
2367911 108973678
2367911 1005247694
2367911 2210967884
2367911 2217967035
2367911 1552751658
2367911 415189745
2367911 458639201
2367911 571276237
2367911 68079172
2367911 2260941944
2367911 2578200777
2367911 2196250585
2367911 182893164
2367911 61419910
2367911 2519335836
2367911 2671591627
2367911 2715095619
2367911 1335484970
2367911 254095949
2367911 909288978
2367911 1137543018
2367911 174584701
2367911 4762441332
2367911 258469005
2367911 2890194742
2367911 1699059264
2367911 1308886982
2367911 1304472998
2367911 591134306
2367911 3288012954
2367911 3511751532
2367911 2933921740
2367911 457721102
2367911 54455519
2367911 2733816827
2367911 425323726
2367911 234523688
2367911 141009449
2367911 1371283867
2367911 1466219694
2367911 4828388169
2367911 780885422
2367911 3060754087
2367911 48855618
2367911 332834388
2367911 225664703
2367911 280142391
2367911 2374535268
2367911 1045912562
2367911 475417105
2367911 169585187
2367911 2806317036
2367911 3942590056
2367911 805678609
2367911 757337786
2367911 49728310
2367911 480634589
2367911 2408083963
2367911 1254909780
2367911 1713521426
2367911 4323576196
2367911 3505121057
2367911 4840716340
2367911 238621214
2367911 514857805
2367911 2537777167
2367911 462302297
2367911 56703439
2367911 310220978
2367911 172840683
2367911 4151947513
2367911 2907180291
2367911 249328455
2367911 22082461
2367911 1625661661
2367911 2303739899
2367911 1106431040
2367911 539506225
2367911 3362563342
2367911 69016796
2367911 337227174
2367911 2934557289
2367911 2251054572
2367911 32911564
2367911 2497229400
2367911 2463170175
2367911 1049683464
2367911 2984226929
2367911 45361530
2367911 1703109662
2367911 3959797829
2367911 354401849
2367911 4032397226
2367911 987374988
2367911 11991222
2367911 3139388491
2367911 2427995940
2367911 3033825487
2367911 3105681036
2367911 628426017
2367911 98306116
2367911 440344719
2367911 567343338
2367911 617678251
2367911 384532021
2367911 2540636251
2367911 181719557
2367911 3156382525
2367911 2487649695
2367911 2331394452
2367911 1033331532
2367911 1126584924
2367911 218927070
2367911 182120066
2367911 2360541007
2367911 569457491
2367911 2296932553
2367911 2780562309
2367911 2915203854
2367911 235233576
2367911 122884477
2367911 2607923896
2367911 3085055254
2367911 108080979
2367911 2330866875
2367911 146346340
2367911 975002875
2367911 2459175379
2367911 60134776
2367911 22524512
2367911 104970375
2367911 1932718944
2367911 41305131
2367911 1963761362
2367911 42114216
2367911 2509210780
2367911 221187695
2367911 458710646
2367911 540391200
2367911 208852374
2367911 2450855142
2367911 3015919322
2367911 3855389957
2367911 2778012769
2367911 2887959149
2367911 2624038571
2367911 2151755179
2367911 1480159646
2367911 2545652193
2367911 2944416156
2367911 113806747
2367911 1532237084
2367911 4006245313
2367911 624224961
2367911 2385827708
2367911 1499330917
2367911 860654510
2367911 2458583977
2367911 2228989526
2367911 2568022057
2367911 4621747169
2367911 18390000
2367911 553538347
2367911 2938821334
2367911 561465797
2367911 1682370786
2367911 38333631
2367911 2379145992
2367911 536854662
2367911 229275345
2367911 1239348576
2367911 2296643365
2367911 1258174050
2367911 2214979115
2367911 702243623
2367911 4514523635
2367911 430258870
2367911 1695377186
2367911 1894194516
2367911 30390313
2367911 277244014
2367911 527806660
2367911 185339497
2367911 352860514
2367911 2147670739
2367911 1678740368
2367911 394274930
2367911 3413425697
2367911 2440658963
2367911 1915685965
2367911 3087662493
2367911 3238065103
2367911 974893398
2367911 270653144
2367911 2705337710
2367911 4851375515
2367911 2734716199
2367911 2375715384
2367911 3178839272
2367911 360775260
2367911 716881916
2367911 796007334
2367911 4466111903
2367911 2795765189
2367911 4769038360
2367911 1684543952
2367911 721176903
2367911 1445578296
2367911 2361436841
2367911 1048270958
2367911 1576099826
2367911 795236959
2367911 255309749
781542091 795236959
2367911 781542091
2367911 2415520048
2367911 603845683
2367911 494048638
2367911 1569560306
2367911 2346076188
2367911 1375876466
2367911 406520422
2367911 604246473
2367911 519885616
2367911 518086829
2367911 590477532
2367911 3995375751
2367911 2995885059
2367911 476380857
2367911 2272533462
2367911 614251222
2367911 1216713091
2367911 1143696890
2367911 1034890884
2367911 1888520437
2367911 136034012
2367911 2487199941
2367911 595081426
2367911 315292198
2367911 529711778
2367911 1038039176
2367911 3113581868
2367911 158533429
2367911 3961852396
2367911 3193048469
2367911 147714747
2367911 2796719723
2367911 172127043
2367911 553295565
2367911 1607598265
2367911 1733429028
2367911 449842925
2367911 2946693209
2367911 2743145381
2367911 160573117
2367911 257965540
2367911 745321790
2367911 904900574
2367911 184968003
2367911 1951826575
2367911 67512357
2367911 542071736
2367911 848428742
2367911 1343417947
2367911 53725882
2367911 2869863831
2367911 4165306175
2367911 1912648471
2367911 17270914
2367911 323516036
2367911 258975307
2367911 140129450
2367911 1637497836
2367911 2220354605
2367911 2733555472
2367911 1955509274
2367911 3306076792
2367911 2719749025
2367911 568635148
2367911 1201896516
2367911 4844200173
2367911 2882001082
2367911 715116039
2367911 1378020452
2367911 3285010861
2367911 203323256
2367911 582140599
2367911 940439563
2367911 1043668076
2367911 1271159618
2367911 1705717682
2367911 3400497238
2367911 86445203
2367911 551388296
2367911 2324615563
2367911 594245528
2367911 933930649
2367911 931275720
2367911 274728707
2367911 58547274
2367911 2681705010
2367911 3105554951
2367911 254076095
2367911 101854416
2367911 796925598
2367911 444012799
2367911 168381597
2367911 1726291723
2367911 118182593
2367911 2147647312
2367911 3227642574
2367911 602359656
2367911 589225190
2367911 2765224491
2367911 1167994128
2367911 2189336992
2367911 460616003
2367911 254583029
2367911 405252878
2367911 1050974976
2367911 1201171566
2367911 2273739398
2367911 862323631
2367911 712855580
2367911 410797327
2367911 257752369
2367911 438567959
2367911 2841961095
2367911 1653629226
2367911 1589106128
2367911 595060437
2367911 1526525262
2367911 4851719301
2367911 213490864
2367911 772020032
2367911 2976262323
2367911 1677236294
2367911 611708836
2367911 2786474957
2367911 2897182674
2367911 1607490433
2367911 233072251
2367911 51676758
2367911 3087617322
2367911 1673555251
2367911 2154810775
2367911 1388662568
2367911 1552275469
2367911 1104647354
2367911 1349681712
2367911 558702049
2367911 2817879294
2367911 277109315
2367911 390478613
2367911 339857615
2367911 1333280480
2367911 365032851
2367911 3180934656
2367911 1567208323
2367911 1381802587
2367911 2975179208
2367911 100018127
2367911 2273940879
2367911 1644018630
2367911 2208300544
2367911 2415143246
2367911 633972791
2367911 137845991
2367911 1061627594
2367911 365772214
2367911 1072598834
2367911 748490676
2367911 176139934
2367911 3304958957
2367911 4580511449
2367911 2430644125
2367911 2561132186
2367911 848584892
2367911 2736807160
2367911 3267466884
2367911 2260510593
2367911 337991461
2367911 2907585270
2367911 808134000
2367911 562367805
2367911 3007765101
2367911 2390446969
2367911 28824294
2367911 65464523
2367911 404539587
2367911 897680478
2367911 2685713771
2367911 2569327987
2367911 2332708775
2367911 776192360
2367911 103096995
2367911 1253177533
2367911 29339761
2367911 490505160
2367911 1327772160
2367911 395709514
2367911 4820299276
2367911 159702738
2367911 1246252016
2367911 194396262
2367911 342902308
2367911 983631331
2367911 2184104482
2367911 2415533692
2367911 342503879
2367911 608845770
2367911 63552886
2367911 878254826
2367911 789710462
2367911 267900047
2367911 451625070
2367911 456209104
2367911 2194976465
2367911 1014301640
2367911 2777575724
2367911 621262635
2367911 3239666173
2367911 2586835940
2367911 198643202
2367911 239820693
2367911 3430656352
2367911 49398415
2367911 58541911
2367911 36057736
2367911 172522366
2367911 521443044
2367911 535951594
2367911 578289252
2367911 2985070697
2367911 801799484
2367911 1084472809
2367911 56925252
2367911 2300200092
2367911 2241670052
2367911 2564441673
2367911 1582097677
2367911 718055028
2367911 994918147
2367911 4714394888
2367911 134207597
2367911 544073358
2367911 3281997224
2367911 467795244
2367911 3485586733
2367911 1898872712
2367911 3361817680
2367911 396973877
2367911 602273473
2367911 3279194816
2367911 319401617
2367911 2361359908
2367911 29884703
2367911 267877952
2367911 3310416895
2367911 4688238582
2367911 466887322
2367911 328345736
2367911 3715927275
2367911 27524219
2367911 2293933515
2367911 874338402
2367911 1534530186
2367911 2904295811
2367911 393271235
2367911 2214250638
2367911 1930430364
2367911 4832326942
2367911 1431992576
2367911 1041403837
2367911 279278408
2367911 1262811037
2367911 97642120
2367911 175900558
2367911 60184491
2367911 1047945288
2367911 2826728812
2367911 1244926554
2367911 2997040555
2367911 602865074
2367911 1921689349
2367911 111489615
2367911 2332366336
2367911 3309042439
2367911 4853684075
2367911 796662408
2367911 218305050
2367911 187351941
2367911 1652915479
2367911 2847302487
2367911 390691701
2367911 1629655158
2367911 2402848748
2367911 1292428196
2367911 21950201
2367911 2899768895
2367911 1611396739
2367911 44504089
2367911 2748810401
2367911 477790975
2367911 565751010
2367911 737538104
2367911 2783674126
2367911 3053903315
2367911 220877160
2367911 2525389449
2367911 519729134
2367911 274107100
2367911 2569249862
2367911 498659569
2367911 254766499
2367911 2209618590
2367911 217808214
2367911 169257335
2367911 2226654846
2367911 2489005454
2367911 293153565
2367911 2154584710
2367911 2825032592
2367911 482375840
2367911 529633870
2367911 4332783023
2367911 2213109118
2367911 1424478643
2367911 499496638
2367911 4357229723
2367911 3080317217
2367911 295158393
2367911 284329151
2367911 235250391
2367911 2544880993
2367911 1191020731
2367911 2616666520
2367911 3196880743
2367911 2177642763
2367911 44407691
2367911 364596159
2367911 286770247
2367911 723488648
2367911 1688839861
2367911 3392284587
2367911 483206168
2367911 3117988191
2367911 1891367131
2367911 307002892
2367911 53533883
2367911 3713620523
2367911 439103589
2367911 223834935
2367911 1267615808
2367911 2175845925
2367911 605215061
2367911 2594888120
2367911 293749240
2367911 1020933126
2367911 1395188652
2367911 292520099
2367911 1641432433
2367911 1917808885
2367911 3568068029
2367911 1691210234
2367911 890980082
2367911 2426658468
2367911 69946750
2367911 1105093974
2367911 875116296
2367911 3253081574
2367911 4428784636
2367911 1733308994
2367911 624599535
2367911 262880528
2367911 2233060320
2367911 290743960
2367911 2895237527
2367911 3396430143
2367911 1680377899
2367911 2463036633
2367911 367036295
2367911 628724513
2367911 3536571917
2367911 716890194
2367911 437004295
2367911 3374460604
2367911 4239583762
2367911 1141016035
2367911 1520288922
2367911 1407829363
2367911 618496274
2367911 499368118
2367911 58804518
2367911 256536387
2367911 3179901164
2367911 4643165597
2367911 3385283207
2367911 568685479
2367911 2585245448
2367911 2253003632
2367911 2549398169
2367911 3119411404
2367911 2539456076
2367911 1280683141
2367911 58701838
2367911 4926747249
2367911 2502504471
2367911 1331869058
2367911 24492629
2367911 2887058897
2367911 1884806642
2367911 3130817992
2367911 3579318041
2367911 4789173263
2367911 53751426
2367911 2924591306
2367911 3865011081
2367911 2958106663
2367911 3351169762
2367911 3037513288
2367911 2688560155
2367911 4758185854
2367911 1335394376
2367911 3078162980
2367911 3324662775
2367911 741173353
2367911 2484832770
2367911 214862774
2367911 3720759683
2367911 3027820070
2367911 2395081501
2367911 3698782883
2367911 2774375581
2367911 1335484970
2367911 1924981544
2367911 4806983841
2367911 440298756
2367911 2322086388
2367911 3314863614
2367911 603195118
2367911 531786958
2367911 3366959411
2367911 3311337059
2367911 3249903512
2367911 2723257712
2367911 3196887973
2367911 1543304484
2367911 322133768
2367911 3559120935
2367911 3590138715
2367911 299397139
2367911 520656999
2367911 2961214373
2367911 3370196543
2367911 2943199522
2367911 405651607
2367911 1918027333
2367911 630827714
2367911 1331278436
2367911 2358839240
2367911 307097541
2367911 3321672286
2367911 3494804303
2367911 1687122900
2367911 25258366
2367911 1117192483
2367911 2323330322
2367911 362446057
2367911 2215209863
2367911 288407529
2367911 4659343342
2367911 1694365819
2367911 2564761601
2367911 3312728582
2367911 4735516259
2367911 3300833050
2367911 1664023842
2367911 1146799080
2367911 2986612335
2367911 394702682
2367911 1177353085
2367911 110724952
2367911 833580374
2367911 1465695360
2367911 1436616762
2367911 4801439070
2367911 2571250204
2367911 2203500227
2367911 2692142945
2367911 2533706600
2367911 2228178998
2367911 2814046513
2367911 115420439
2367911 3135409354
2367911 4782705912
2367911 1976146034
2367911 2905966576
2367911 4835918049
2367911 184706827
2367911 2575999556
2367911 356438214
2367911 3668012717
2367911 2155836040
2367911 233666337
2367911 2966399668
2367911 4032649692
2367911 2872030737
2367911 452472921
2367911 57588341
2367911 4607947036
2367911 1062068172
2367911 97530914
2367911 2159067391
2367911 3132920490
2367911 1449679796
2367911 3137791138
2367911 2798758688
2367911 1320637351
2367911 2567163734
2367911 523826266
2367911 1519747248
2367911 527915645
2367911 1660727390
2367911 3524793736
2367911 1515258673
2367911 555331106
2367911 2164901422
2367911 557211008
2367911 3400489744
2367911 1268008122
2367911 33149794
2367911 4213181057
2367911 1480348681
2367911 3254277065
2367911 599741860
2367911 753206203
2367911 3346053065
2367911 1623405589
2367911 372736476
2367911 1199016116
2367911 4207543694
2367911 1043338309
2367911 3037607914
2367911 3312258269
2367911 3728123237
2367911 3391378331
2367911 1284207415
2367911 2236818461
2367911 3084533239
2367911 2878889210
2367911 4833654849
2367911 561611622
2367911 3064530645
2367911 250335913
2367911 148639223
2367911 2363538803
2367911 291113597
2367911 610560963
2367911 1267671866
2367911 3415570120
2367911 283612560
2367911 4034398066
2367911 3036006700
2367911 1962687390
2367911 3884426777
2367911 1053611468
2367911 3198550288
2367911 3542107812
2367911 428146695
2367911 1045769444
2367911 3509392585
2367911 3437612363
2367911 462769501
2367911 1075274664
2367911 2310296222
2367911 3372935914
2367911 1469851411
2367911 2255936679
2367911 262382017
2367911 4709647354
2367911 1961324293
2367911 3064870835
2367911 4004808675
2367911 1636544761
2367911 383345863
2367911 90154073
2367911 227751371
2367911 2563435041
2367911 229275345
2367911 3959797829
2367911 921883650
2367911 2151755179
2367911 1915685965
2367911 2859256873
2367911 2308669258
2367911 394274930
2367911 2995885059
2367911 2317925257
2367911 535951594
2367911 3715927275
2367911 4769038360
2367911 994918147
2367911 2798758688
2367911 3366959411
2367911 603195118
2367911 2323330322
2367911 3249903512
2367911 3011823625
2367911 3400489744
2367911 2326254552
2367911 921883650
2367911 2995885059
2367911 4207543694
2367911 535951594
2367911 3668012717
2367911 1581863148
2367911 3137791138
2367911 428146695
2367911 555331106
2367911 3366959411
2367911 2323330322
2367911 4835918049
2367911 4207543694
2367911 2995885059
2367911 2563435041
2367911 1930430364
2367911 298702697
2367911 1117192483
2367911 535951594
2367911 2194976465
2367911 2563435041
2367911 428146695
2367911 603195118
2367911 3137791138
2367911 1117192483
2367911 2887058897
2367911 355182430
2367911 3366959411
2367911 4207543694
2367911 4828388169
2367911 3362563342
2367911 535951594
2367911 2317925257
2367911 2194976465
2367911 1918027333
2367911 2995885059
2367911 2478060467
2367911 2688560155
2367911 428146695
2367911 555331106
2367911 3366959411
2367911 3196887973
2367911 921883650
2367911 4207543694
2367911 2798758688
2367911 603195118
2367911 535951594
2367911 1581863148
2367911 1918027333
2367911 2995885059
2367911 257656789
2367911 3366959411
2367911 3260149981
2367911 2878889210
2367911 321118979
2367911 2798758688
2367911 2326254552
2367911 2859256873
2367911 3196887973
2367911 921883650
2367911 473472787
2367911 2877060967
2367911 2696634958
2367911 390503739
2367911 3865011081
2367911 4207543694
2367911 603195118
2367911 4549749395
2367911 992271283
2367911 535951594
2367911 480634589
2367911 994918147
2367911 2478060467
2367911 2878889210
2367911 169585187
2367911 1918027333
2367911 169585187
2367911 583034213
2367911 3196887973
2367911 390503739
2367911 3008832866
2367911 4207543694
2367911 1465307390
2367911 921883650
2367911 20441173
2367911 298702697
2367911 535951594
2367911 2859256873
2367911 2878889210
2367911 1918027333
2367911 603195118
2367911 428146695
2367911 2308669258
2367911 2723257712
2367911 2688560155
2367911 3249903512
2367911 3366959411
2367911 2255936679
2367911 599741860
2367911 2995885059
2367911 921883650
2367911 2798758688
2367911 1664023842
2367911 535951594
2367911 4207543694
2367911 2317925257
2367911 1581863148
2367911 2308669258
2367911 1117192483
2367911 3249903512
2367911 2487199941
2367911 3260149981
2367911 2887058897
2367911 1918027333
2367911 2798758688
2367911 603195118
2367911 4207543694
2367911 4828416449
2367911 390503739
2367911 2877060967
2367911 3366959411
2367911 731483426
2367911 459884144
2367911 921883650
2367911 298702697
2367911 2317925257
2367911 535951594
2367911 149373388
2367911 2995885059
2367911 2723257712
2367911 58804518
2367911 2859256873
2367911 3249903512
2367911 4207543694
2367911 298702697
2367911 3196887973
2367911 2867710270
2367911 2260941944
2367911 2326254552
2367911 428146695
2367911 1466219694
2367911 535951594
2367911 90154073
2367911 2723257712
2367911 603195118
2367911 1918027333
2367911 561611622
2367911 1117192483
2367911 4207543694
2367911 298702697
2367911 3196887973
2367911 2688560155
2367911 2326254552
2367911 2859256873
2367911 1227265260
2367911 535951594
2367911 2317925257
2367911 2905966576
2367911 1117192483
2367911 2688560155
2367911 2308669258
2367911 2878889210
2367911 941350904
2367911 1581863148
2367911 1918027333
2367911 1660727390
2367911 428146695
2367911 2723257712
2367911 741173353
2367911 3366959411
2367911 2859256873
2367911 921883650
2367911 2323330322
2367911 2798758688
2367911 3196887973
2367911 4207543694
2367911 3248752192
2367911 90154073
2367911 548767492
2367911 2255936679
2367911 2995885059
2367911 2317925257
2367911 535951594
2367911 298702697
2367911 2859256873
2367911 741173353
2367911 229275345
2367911 548767492
2367911 473472787
2367911 58804518
2367911 459884144
2367911 4207543694
2367911 535951594
2367911 2308669258
2367911 2878889210
2367911 3366959411
2367911 535951594
2367911 428146695
2367911 1918027333
2367911 4207543694
2367911 1707077682
2367911 603195118
2367911 1892938093
2367911 2798758688
2367911 298702697
2367911 3196887973
2367911 2563435041
2367911 2688560155
2367911 2878889210
2367911 3249903512
2367911 58804518
2367911 298702697
2367911 1664023842
2367911 2798758688
2367911 4801439070
2367911 101398170
2367911 4607947036
2367911 2308669258
2367911 4207543694
2367911 603195118
2367911 3366959411
2367911 1918027333
2367911 3668012717
2367911 428146695
2367911 718086045
2367911 557211008
2367911 3196887973
2367911 24492629
2367911 3312258269
2367911 3959797829
2367911 535951594
2367911 2878889210
2367911 1918027333
2367911 4607947036
2367911 4207543694
2367911 535951594
2367911 110724952
2367911 473472787
2367911 2265227667
2367911 2308669258
2367911 2563435041
2367911 2645682091
2367911 1117192483
2367911 2563435041
2367911 2688560155
2367911 3130817992
2367911 2995885059
2367911 1918027333
2367911 298702697
2367911 2814046513
2367911 2887058897
2367911 921883650
2367911 3437812781
2367911 4207543694
2367911 1012516758
2367911 603195118
2367911 1126584924
2367911 3961852396
2367911 1469851411
2367911 2798758688
2367911 90154073
2367911 4850964472
2367911 535951594
2367911 3196887973
2367911 2878889210
2367911 2995885059
2367911 3353905579
2367911 2395081501
2367911 3346053065
2367911 2214979115
2367911 3011823625
2367911 4840716340
2367911 3366959411
2367911 2326254552
2367911 3196887973
2367911 321118979
2367911 4207543694
2367911 535951594
2367911 3668012717
2367911 2995885059
2367911 3366959411
2367911 2878889210
2367911 4840716340
2367911 160573117
2367911 3346053065
2367911 2326254552
2367911 2323330322
2367911 2430644125
2367911 110724952
2367911 4207543694
2367911 3249903512
2367911 3130817992
2367911 1012516758
2367911 535951594
2367911 3196887973
2367911 3668012717
2367911 1918027333
2367911 2723257712
2367911 2867710270
2367911 40076725
2367911 4835918049
2367911 20441173
2367911 2384461836
2367911 3728123237
2367911 3196887973
2367911 2995885059
2367911 1117192483
2367911 4207543694
2367911 298702697
2367911 2326254552
2367911 2859256873
2367911 428146695
2367911 535951594
2367911 4356511753
2367911 2688560155
2367911 3366959411
2367911 2563435041
2367911 1918027333
2367911 603195118
2367911 4207543694
2367911 322133768
2367911 428146695
2367911 1117192483
2367911 535951594
2367911 4850727885
2367911 3838619019
2367911 1465307390
2367911 2995885059
2367911 3196887973
2367911 2865530155
2367911 298702697
2367911 994918147
2367911 603195118
2367911 1117192483
2367911 3249903512
2367911 2872030737
2367911 356438214
2367911 4207543694
2367911 195364310
2367911 2308669258
2367911 535951594
2367911 20441173
2367911 428146695
2367911 2563435041
2367911 2798758688
2367911 3366959411
2367911 2966399668
2367911 2859256873
2367911 298702697
2367911 3668012717
2367911 3291077562
2367911 548767492
